-2.303680,-0.209579,-2.377019
-2.163965,-0.209492,-2.335985
-2.039214,-0.209579,-2.285779
-1.952796,-0.209596,-2.260740
-1.881737,-0.209995,-2.228233
-1.804132,-0.209891,-2.205785
-1.734858,-0.210282,-2.185993
-1.632559,-0.210343,-2.144557
-1.599328,-0.210672,-2.135892
-1.507044,-0.210881,-2.099086
-1.362798,-0.211141,-2.046329
-1.182914,-0.211402,-1.989672
-0.988416,-0.211636,-1.922571
-0.844924,-0.211497,-1.861586
-0.707405,-0.211150,-1.823512
-0.589824,-0.210577,-1.776179
-0.480396,-0.209909,-1.686975
-0.410830,-0.210403,-1.677381
-0.341364,-0.210985,-1.649794
-0.273186,-0.211844,-1.629234
-0.232551,-0.212243,-1.626482
-0.195694,-0.211974,-1.621500
-0.168646,-0.211566,-1.622456
-0.143630,-0.211375,-1.620683
-0.122014,-0.211393,-1.619262
-0.097808,-0.211644,-1.620189
-0.082747,-0.211696,-1.618267
-0.073202,-0.211323,-1.616116
-0.065534,-0.210742,-1.617370
-0.056890,-0.210039,-1.618373
-0.044245,-0.209422,-1.604525
-0.035065,-0.210421,-1.600675
-0.028391,-0.211219,-1.599420
-0.025623,-0.211636,-1.605515
-0.022046,-0.211488,-1.607447
-0.018015,-0.211714,-1.608724
-0.015523,-0.211905,-1.610583
-0.013833,-0.211480,-1.610962
-0.013548,-0.211332,-1.612773
-0.013171,-0.211315,-1.612753
-0.012805,-0.211445,-1.614238
-0.012789,-0.212252,-1.614099
-0.013798,-0.212703,-1.614200
-0.011818,-0.212651,-1.615320
-0.012780,-0.212200,-1.613497
-0.012694,-0.211731,-1.611160
-0.011246,-0.211775,-1.610760
-0.009922,-0.212174,-1.611531
-0.011280,-0.212278,-1.610906
-0.009574,-0.212148,-1.611415
-0.007391,-0.211974,-1.612755
-0.008688,-0.211966,-1.613260
-0.007312,-0.212009,-1.613572
-0.007024,-0.212573,-1.611051
-0.005310,-0.213172,-1.612903
-0.008145,-0.213337,-1.613076
-0.007297,-0.213190,-1.613923
-0.007625,-0.212851,-1.614265
-0.010213,-0.212565,-1.614156
-0.009579,-0.212495,-1.613757
-0.010921,-0.212608,-1.612874
-0.012217,-0.212634,-1.613888
-0.012274,-0.212660,-1.613964
-0.012594,-0.212582,-1.613700
-0.012971,-0.212573,-1.613106
-0.012021,-0.212582,-1.613568
-0.012064,-0.212651,-1.612823
-0.011369,-0.212712,-1.612611
-0.010293,-0.212756,-1.612103
-0.009056,-0.212729,-1.611045
-0.008240,-0.212686,-1.610110
-0.007258,-0.212669,-1.610396
-0.006159,-0.212782,-1.610837
-0.005694,-0.212842,-1.610946
-0.005507,-0.212851,-1.611230
-0.005724,-0.212842,-1.611675
-0.006577,-0.212851,-1.614063
-0.007459,-0.212782,-1.612543
-0.008354,-0.212669,-1.612666
-0.009423,-0.212703,-1.612721
-0.010730,-0.212808,-1.612192
-0.011149,-0.212747,-1.611369
-0.010463,-0.212686,-1.612336
-0.011188,-0.212695,-1.610561
-0.011753,-0.212755,-1.610759
-0.010786,-0.212712,-1.610899
-0.009657,-0.212703,-1.613203
-0.008914,-0.212799,-1.611609
-0.009222,-0.212738,-1.610644
-0.008129,-0.212721,-1.610616
-0.007794,-0.212747,-1.612068
-0.007766,-0.212721,-1.610940
-0.008227,-0.212738,-1.612056
-0.008496,-0.212782,-1.611606
-0.008726,-0.212834,-1.612394
-0.009466,-0.212799,-1.611476
-0.009494,-0.212877,-1.612041
-0.009539,-0.212860,-1.611531
-0.010266,-0.212868,-1.611584
-0.009788,-0.212825,-1.610027
-0.009166,-0.212886,-1.610830
-0.008645,-0.212825,-1.610575
-0.008546,-0.212808,-1.610682
-0.008547,-0.212834,-1.611509
-0.008518,-0.212816,-1.611351
-0.008671,-0.212825,-1.612036
-0.008842,-0.212851,-1.611958
-0.009327,-0.212860,-1.612543
-0.009610,-0.212851,-1.612280
-0.009442,-0.212808,-1.612226
-0.009181,-0.212790,-1.612051
-0.008900,-0.212755,-1.611838
-0.008744,-0.212747,-1.611605
-0.008346,-0.212764,-1.611400
-0.008102,-0.212825,-1.611282
-0.008181,-0.212860,-1.610865
-0.008372,-0.212851,-1.611079
-0.008712,-0.212764,-1.611175
-0.008933,-0.212825,-1.611399
-0.009262,-0.212860,-1.611655
-0.009280,-0.212912,-1.611707
-0.008977,-0.212920,-1.611935
-0.008710,-0.212877,-1.612162
-0.008333,-0.212842,-1.611849
-0.008161,-0.212868,-1.611582
-0.008203,-0.212912,-1.611591
-0.008359,-0.212972,-1.611498
-0.008565,-0.212990,-1.611491
-0.008723,-0.213025,-1.611499
-0.008785,-0.213042,-1.611412
-0.009024,-0.212981,-1.611207
-0.008987,-0.212955,-1.611173
-0.008754,-0.213025,-1.611310
-0.008465,-0.213068,-1.611417
-0.008231,-0.213077,-1.611691
-0.008127,-0.213059,-1.611731
-0.008006,-0.213059,-1.611574
-0.007928,-0.213059,-1.611620
-0.007974,-0.213103,-1.611750
-0.008225,-0.213077,-1.611864
-0.008522,-0.213103,-1.611866
-0.008624,-0.213077,-1.611610
-0.008692,-0.213111,-1.611500
-0.008602,-0.213085,-1.611315
-0.008522,-0.213077,-1.611349
-0.008253,-0.213111,-1.610867
-0.008073,-0.213120,-1.611087
-0.008049,-0.213146,-1.610936
-0.008173,-0.213181,-1.611328
-0.008486,-0.213198,-1.611322
-0.008600,-0.213181,-1.611382
-0.008737,-0.213207,-1.611606
-0.008825,-0.213268,-1.611610
-0.008671,-0.213242,-1.611423
-0.008584,-0.213216,-1.611330
-0.008372,-0.213172,-1.611108
-0.008185,-0.213250,-1.610962
-0.008367,-0.213294,-1.610824
-0.008481,-0.213224,-1.610784
-0.008733,-0.213302,-1.610807
-0.008820,-0.213285,-1.610948
-0.008925,-0.213329,-1.611123
-0.009010,-0.213372,-1.611231
-0.008818,-0.213381,-1.611366
-0.008578,-0.213381,-1.611338
-0.008312,-0.213363,-1.611400
-0.008177,-0.213302,-1.611120
-0.008114,-0.213311,-1.611132
-0.008159,-0.213329,-1.611103
-0.008234,-0.213320,-1.611101
-0.008486,-0.213320,-1.610780
-0.008783,-0.213303,-1.610931
-0.008878,-0.213303,-1.610817
-0.008986,-0.213320,-1.610805
-0.008836,-0.213346,-1.610883
-0.008621,-0.213415,-1.610986
-0.008384,-0.213424,-1.610943
-0.008230,-0.213424,-1.611033
-0.008047,-0.213433,-1.611109
-0.008051,-0.213424,-1.611463
-0.008113,-0.213398,-1.611281
-0.008250,-0.213389,-1.611487
-0.008241,-0.213433,-1.611325
-0.008487,-0.213494,-1.611384
-0.008602,-0.213502,-1.611315
-0.008702,-0.213494,-1.611180
-0.008537,-0.213467,-1.610869
-0.008522,-0.213467,-1.610921
-0.008333,-0.213494,-1.610839
-0.008225,-0.213494,-1.610873
-0.008066,-0.213554,-1.610880
-0.008109,-0.213520,-1.610791
-0.008106,-0.213528,-1.610635
-0.008361,-0.213546,-1.610566
-0.008231,-0.213389,-1.609534
-0.008325,-0.213164,-1.610126
-0.008580,-0.212981,-1.609307
-0.008968,-0.213120,-1.609197
-0.009638,-0.213381,-1.608635
-0.009338,-0.213216,-1.611101
-0.009002,-0.213277,-1.612670
-0.008949,-0.213337,-1.613305
-0.008654,-0.213207,-1.613576
-0.007891,-0.213138,-1.613237
-0.007720,-0.213190,-1.612537
-0.008111,-0.213259,-1.611860
-0.008266,-0.213303,-1.611385
-0.008599,-0.213363,-1.610832
-0.009221,-0.213346,-1.610428
-0.009569,-0.213346,-1.610016
-0.009420,-0.213355,-1.610395
-0.009258,-0.213407,-1.610440
-0.008914,-0.213415,-1.611152
-0.008449,-0.213381,-1.611690
-0.008076,-0.213381,-1.612190
-0.007959,-0.213355,-1.612399
-0.008001,-0.213355,-1.612901
-0.008251,-0.213372,-1.612894
-0.008730,-0.213398,-1.612412
-0.009057,-0.213407,-1.611946
-0.009085,-0.213468,-1.611342
-0.008865,-0.213485,-1.611169
-0.008675,-0.213424,-1.610560
-0.008233,-0.213528,-1.610752
-0.007948,-0.213563,-1.611049
-0.007905,-0.213606,-1.610990
-0.007797,-0.213598,-1.611093
-0.007924,-0.213546,-1.611556
-0.008008,-0.213563,-1.612351
-0.008358,-0.213511,-1.612136
-0.008486,-0.213520,-1.612293
-0.008677,-0.213580,-1.612537
-0.008799,-0.213624,-1.612710
-0.008845,-0.213624,-1.612551
-0.008687,-0.213615,-1.612456
-0.008479,-0.213607,-1.612286
-0.008423,-0.213607,-1.611835
-0.008189,-0.213607,-1.611629
-0.008009,-0.213624,-1.611174
-0.007928,-0.213650,-1.611226
-0.008086,-0.213685,-1.611322
-0.008225,-0.213702,-1.611244
-0.008487,-0.213685,-1.611319
-0.008696,-0.213719,-1.611892
-0.008765,-0.213719,-1.612094
-0.008711,-0.213745,-1.612260
-0.008491,-0.213780,-1.612531
-0.008348,-0.213780,-1.612537
-0.008332,-0.213780,-1.612480
-0.008116,-0.213815,-1.612479
-0.008016,-0.213893,-1.612394
-0.008042,-0.213884,-1.612108
-0.008328,-0.213910,-1.612054
-0.008416,-0.213858,-1.611728
-0.008434,-0.213867,-1.611731
-0.008636,-0.213910,-1.611507
-0.008811,-0.213945,-1.611248
-0.008943,-0.213945,-1.611218
-0.008705,-0.213997,-1.611243
-0.008568,-0.213971,-1.611368
-0.008270,-0.213936,-1.611531
-0.008244,-0.213971,-1.611690
-0.008095,-0.213980,-1.611959
-0.007936,-0.213962,-1.612177
-0.008180,-0.214014,-1.612105
-0.008538,-0.214014,-1.612193
-0.008695,-0.214058,-1.612027
-0.008905,-0.214014,-1.611953
-0.009011,-0.214006,-1.611746
-0.008757,-0.214058,-1.611532
-0.008593,-0.214067,-1.611296
-0.008431,-0.214084,-1.611437
-0.008275,-0.214067,-1.611309
-0.008253,-0.214084,-1.611626
-0.008270,-0.214153,-1.611458
-0.008244,-0.214188,-1.611413
-0.008387,-0.214223,-1.611702
-0.008560,-0.214249,-1.611845
-0.008640,-0.214188,-1.611928
-0.008782,-0.214223,-1.611961
-0.008807,-0.214231,-1.611909
-0.008604,-0.214275,-1.611984
-0.008515,-0.214249,-1.611696
-0.008376,-0.214223,-1.611562
-0.008270,-0.214162,-1.611462
-0.008125,-0.214188,-1.611437
-0.008178,-0.214249,-1.611352
-0.008207,-0.214266,-1.611553
-0.008482,-0.214240,-1.611589
-0.008693,-0.214231,-1.611571
-0.008730,-0.214257,-1.611699
-0.008593,-0.214283,-1.611630
-0.008451,-0.214266,-1.611798
-0.008337,-0.214266,-1.611838
-0.008233,-0.214231,-1.611809
-0.008155,-0.214197,-1.611799
-0.008224,-0.214119,-1.611760
-0.008195,-0.214110,-1.611516
-0.008366,-0.214188,-1.611399
-0.008628,-0.214223,-1.611351
-0.008907,-0.214266,-1.611531
-0.008815,-0.214283,-1.611848
-0.008751,-0.214257,-1.611734
-0.008629,-0.214197,-1.611652
-0.008651,-0.214171,-1.611585
-0.008374,-0.214197,-1.611606
-0.008284,-0.214197,-1.611813
-0.008328,-0.214266,-1.611941
-0.008355,-0.214301,-1.611999
-0.008442,-0.214223,-1.612011
-0.008596,-0.214162,-1.611981
-0.008664,-0.214197,-1.611839
-0.008678,-0.214223,-1.611879
-0.008783,-0.214214,-1.611703
-0.008666,-0.214249,-1.611740
-0.008495,-0.214292,-1.611641
-0.008396,-0.214240,-1.611385
-0.008402,-0.214197,-1.611294
-0.008211,-0.214197,-1.611567
-0.008309,-0.214231,-1.611483
-0.008360,-0.214301,-1.611831
-0.008386,-0.214405,-1.611839
-0.008558,-0.214422,-1.612019
-0.008678,-0.214396,-1.611683
-0.008627,-0.214388,-1.611678
-0.008525,-0.214431,-1.611509
-0.008462,-0.214457,-1.611362
-0.008165,-0.214466,-1.611383
-0.008239,-0.214492,-1.611419
-0.008502,-0.214483,-1.611489
-0.008501,-0.214527,-1.611366
-0.008636,-0.214553,-1.611474
-0.008742,-0.214622,-1.611526
-0.008712,-0.214587,-1.611508
-0.008672,-0.214579,-1.611473
-0.008608,-0.214622,-1.611574
-0.008567,-0.214613,-1.611530
-0.008498,-0.214631,-1.611791
-0.008346,-0.214639,-1.611738
-0.008224,-0.214666,-1.611414
-0.008180,-0.214579,-1.611439
-0.008286,-0.214544,-1.611505
-0.008498,-0.214544,-1.611556
-0.008638,-0.214587,-1.611812
-0.008765,-0.214631,-1.611768
-0.008727,-0.214700,-1.611746
-0.008805,-0.214735,-1.611441
-0.008564,-0.214692,-1.611642
-0.008331,-0.214735,-1.611643
-0.008266,-0.214787,-1.611747
-0.008497,-0.214796,-1.611624
-0.008214,-0.214804,-1.612101
-0.009549,-0.214735,-1.611940
-0.008273,-0.214796,-1.612354
-0.008690,-0.214883,-1.612435
-0.008055,-0.214935,-1.611062
-0.008119,-0.214987,-1.611995
-0.008280,-0.215030,-1.610046
-0.008836,-0.215030,-1.610562
-0.009242,-0.215056,-1.609706
-0.010500,-0.215073,-1.608383
-0.009988,-0.215091,-1.610524
-0.010707,-0.215143,-1.608211
-0.009933,-0.215169,-1.607666
-0.010285,-0.215134,-1.609406
-0.009654,-0.215204,-1.611017
-0.008688,-0.215195,-1.609085
-0.008606,-0.215030,-1.609910
-0.009309,-0.215178,-1.608559
-0.009131,-0.215238,-1.608881
-0.008892,-0.215256,-1.611328
-0.009677,-0.215282,-1.610526
-0.009647,-0.215403,-1.613928
-0.010015,-0.215447,-1.612368
-0.009641,-0.215490,-1.612784
-0.009184,-0.215438,-1.610135
-0.009052,-0.215455,-1.610425
-0.008583,-0.215508,-1.610869
-0.008507,-0.215551,-1.610238
-0.008668,-0.215568,-1.610700
-0.008999,-0.215586,-1.611403
-0.009067,-0.215534,-1.610146
-0.009321,-0.215534,-1.609783
-0.009818,-0.215612,-1.611475
-0.009374,-0.215620,-1.611708
-0.009369,-0.215586,-1.610779
-0.008755,-0.215594,-1.611659
-0.008607,-0.215577,-1.612170
-0.008389,-0.215612,-1.611660
-0.008465,-0.215638,-1.612324
-0.008261,-0.215673,-1.612023
-0.008255,-0.215647,-1.611153
-0.008768,-0.215638,-1.610507
-0.009099,-0.215612,-1.609751
-0.009304,-0.215542,-1.610599
-0.009366,-0.215551,-1.611501
-0.008918,-0.215560,-1.610771
-0.008711,-0.215568,-1.610916
-0.008521,-0.215586,-1.611503
-0.008508,-0.215551,-1.611517
-0.008758,-0.215560,-1.611233
-0.007855,-0.215603,-1.611905
-0.008457,-0.215655,-1.610941
-0.008561,-0.215655,-1.610794
-0.009409,-0.215672,-1.611004
-0.009606,-0.215629,-1.610846
-0.009699,-0.215629,-1.611234
-0.009404,-0.215629,-1.610953
-0.009621,-0.215664,-1.611182
-0.009446,-0.215690,-1.610632
-0.008859,-0.215707,-1.611673
-0.008481,-0.215707,-1.610830
-0.008350,-0.215777,-1.610789
-0.008336,-0.215768,-1.611274
-0.008278,-0.215698,-1.610892
-0.008034,-0.215664,-1.611084
-0.008387,-0.215690,-1.610789
-0.009034,-0.215742,-1.611409
-0.009304,-0.215777,-1.611561
-0.009352,-0.215768,-1.611235
-0.009425,-0.215768,-1.611311
-0.009470,-0.215777,-1.611132
-0.009425,-0.215768,-1.611029
-0.008872,-0.215733,-1.611010
-0.008254,-0.215751,-1.610927
-0.008338,-0.215733,-1.611087
-0.008318,-0.215733,-1.611125
-0.008750,-0.215777,-1.611269
-0.009097,-0.215759,-1.611151
-0.009215,-0.215759,-1.611267
-0.009265,-0.215768,-1.611344
-0.009396,-0.215811,-1.611328
-0.009412,-0.215863,-1.611429
-0.009124,-0.215872,-1.611433
-0.008732,-0.215872,-1.611442
-0.008357,-0.215916,-1.611258
-0.008136,-0.215976,-1.611374
-0.008055,-0.216011,-1.611300
-0.008181,-0.216011,-1.611274
-0.008589,-0.216063,-1.611375
-0.009112,-0.216080,-1.611398
-0.009224,-0.216107,-1.611296
-0.009307,-0.216072,-1.611195
-0.009034,-0.216072,-1.611640
-0.008826,-0.216063,-1.611222
-0.008466,-0.216098,-1.611304
-0.008278,-0.216115,-1.611230
-0.008028,-0.216141,-1.611522
-0.008145,-0.216185,-1.611461
-0.008293,-0.216228,-1.611466
-0.008572,-0.216271,-1.611264
-0.008940,-0.216245,-1.611386
-0.009119,-0.216280,-1.611413
-0.009114,-0.216350,-1.611435
-0.008884,-0.216350,-1.611718
-0.008742,-0.216341,-1.611278
-0.008719,-0.216358,-1.610590
-0.008202,-0.216384,-1.610897
-0.008182,-0.216376,-1.610143
-0.007919,-0.216402,-1.611852
-0.008563,-0.216419,-1.610890
-0.008850,-0.216454,-1.610584
-0.009053,-0.216515,-1.610902
-0.009078,-0.216541,-1.611845
-0.009089,-0.216541,-1.612149
-0.008795,-0.216515,-1.611288
-0.008742,-0.216584,-1.611581
-0.008323,-0.216601,-1.611920
-0.008123,-0.216653,-1.610337
-0.008244,-0.216662,-1.610214
-0.008718,-0.216688,-1.610536
-0.009211,-0.216758,-1.611315
-0.009245,-0.216740,-1.610247
-0.009179,-0.216723,-1.611401
-0.009378,-0.216705,-1.611045
-0.009225,-0.216740,-1.611449
-0.008626,-0.216723,-1.611596
-0.008333,-0.216732,-1.611530
-0.007970,-0.216749,-1.611673
-0.007700,-0.216784,-1.610990
-0.008336,-0.216740,-1.609078
-0.008615,-0.216749,-1.610400
-0.009111,-0.216766,-1.610822
-0.009101,-0.216810,-1.610235
-0.008931,-0.216844,-1.610694
-0.008809,-0.216818,-1.610799
-0.008612,-0.216801,-1.610055
-0.008328,-0.216836,-1.610721
-0.007984,-0.216784,-1.610423
-0.008253,-0.216792,-1.610732
-0.008459,-0.216827,-1.610892
-0.008590,-0.216784,-1.610805
-0.008958,-0.216784,-1.611532
-0.009002,-0.216801,-1.610729
-0.009054,-0.216818,-1.611895
-0.008713,-0.216836,-1.610656
-0.008547,-0.216827,-1.611381
-0.008348,-0.216923,-1.611061
-0.008259,-0.216923,-1.610477
-0.008602,-0.216940,-1.610707
-0.008822,-0.216957,-1.610808
-0.008973,-0.216957,-1.610468
-0.009047,-0.216957,-1.610641
-0.009019,-0.216992,-1.610314
-0.008558,-0.216923,-1.610626
-0.008499,-0.216940,-1.611320
-0.008066,-0.216957,-1.611193
-0.008049,-0.216966,-1.611643
-0.007945,-0.216966,-1.611057
-0.008135,-0.217009,-1.611474
-0.008252,-0.217035,-1.611068
-0.008626,-0.217053,-1.611148
-0.008715,-0.217096,-1.610814
-0.008935,-0.217070,-1.610793
-0.008962,-0.217105,-1.610569
-0.008635,-0.217096,-1.610739
-0.008550,-0.217140,-1.611025
-0.008376,-0.217183,-1.610739
-0.008190,-0.217183,-1.611216
-0.008306,-0.217200,-1.611211
-0.008492,-0.217200,-1.611395
-0.008667,-0.217235,-1.611581
-0.008947,-0.217200,-1.611378
-0.009127,-0.217235,-1.611254
-0.009070,-0.217226,-1.611171
-0.008873,-0.217218,-1.610994
-0.008409,-0.217200,-1.610964
-0.008400,-0.217209,-1.610526
-0.008104,-0.217270,-1.610952
-0.008368,-0.217244,-1.610928
-0.008609,-0.217270,-1.611009
-0.008952,-0.217226,-1.611024
-0.008997,-0.217296,-1.610691
-0.009157,-0.217339,-1.610867
-0.009062,-0.217313,-1.610970
-0.008945,-0.217313,-1.611185
-0.009115,-0.217287,-1.609465
-0.008672,-0.217244,-1.610903
-0.008386,-0.217270,-1.610892
-0.008362,-0.217313,-1.610847
-0.008663,-0.217287,-1.610482
-0.008667,-0.217270,-1.609907
-0.009086,-0.217287,-1.610333
-0.009492,-0.217374,-1.610205
-0.009522,-0.217374,-1.611110
-0.009647,-0.217556,-1.611983
-0.009418,-0.217556,-1.611840
-0.008384,-0.217469,-1.612008
-0.008141,-0.217513,-1.611128
-0.007953,-0.217548,-1.610458
-0.007996,-0.217617,-1.609807
-0.008463,-0.217686,-1.609505
-0.009131,-0.217721,-1.609471
-0.009504,-0.217652,-1.609749
-0.009524,-0.217634,-1.609749
-0.009354,-0.217643,-1.610208
-0.009071,-0.217678,-1.610562
-0.008815,-0.217704,-1.611063
-0.008327,-0.217730,-1.611548
-0.008014,-0.217730,-1.611985
-0.007738,-0.217765,-1.612160
-0.007727,-0.217738,-1.612185
-0.007811,-0.217721,-1.611846
-0.008219,-0.217782,-1.611688
-0.008578,-0.217817,-1.611258
-0.008980,-0.217895,-1.611090
-0.009465,-0.217921,-1.610523
-0.009522,-0.217938,-1.610231
-0.009465,-0.217973,-1.610058
-0.009306,-0.217947,-1.610143
-0.008967,-0.217938,-1.609810
-0.008722,-0.217921,-1.610103
-0.008407,-0.217955,-1.610117
-0.008053,-0.217964,-1.610442
-0.007868,-0.217947,-1.610590
-0.007754,-0.217982,-1.610842
-0.007668,-0.217955,-1.611298
-0.007863,-0.217938,-1.611578
-0.008167,-0.217955,-1.611845
-0.008426,-0.217947,-1.611786
-0.008754,-0.217982,-1.611830
-0.008864,-0.218008,-1.612036
-0.008970,-0.217999,-1.611874
-0.008972,-0.217999,-1.611734
-0.008924,-0.217981,-1.611552
-0.008772,-0.218008,-1.611195
-0.008570,-0.217964,-1.610905
-0.008284,-0.217929,-1.610672
-0.007995,-0.217921,-1.610476
-0.007907,-0.217981,-1.610297
-0.007802,-0.218008,-1.610338
-0.007835,-0.218025,-1.610328
-0.007867,-0.218016,-1.610452
-0.008292,-0.218051,-1.610599
-0.008442,-0.218068,-1.610930
-0.008758,-0.218094,-1.611153
-0.008915,-0.218068,-1.610887
-0.008973,-0.218077,-1.612358
-0.009099,-0.218086,-1.611280
-0.008891,-0.218103,-1.611549
-0.008909,-0.218094,-1.612046
-0.008631,-0.218086,-1.611571
-0.008369,-0.218120,-1.611320
-0.008053,-0.218103,-1.611820
-0.007796,-0.218103,-1.610863
-0.007641,-0.218094,-1.610623
-0.007641,-0.218112,-1.610176
-0.008077,-0.218120,-1.610007
-0.008201,-0.218103,-1.609901
-0.008535,-0.218146,-1.609821
-0.008968,-0.218146,-1.610149
-0.009164,-0.218172,-1.609884
-0.009276,-0.218164,-1.610256
-0.009208,-0.218155,-1.610322
-0.009073,-0.218172,-1.610781
-0.008649,-0.218207,-1.610365
-0.008264,-0.218207,-1.612192
-0.007959,-0.218277,-1.612091
-0.008132,-0.218311,-1.610522
-0.007845,-0.218268,-1.611632
-0.008667,-0.218242,-1.610177
-0.008042,-0.218155,-1.611258
-0.008967,-0.218372,-1.612120
-0.009274,-0.218250,-1.609781
-0.009030,-0.218242,-1.610291
-0.009585,-0.218233,-1.610373
-0.009038,-0.218198,-1.607902
-0.008605,-0.218242,-1.608428
-0.008841,-0.218207,-1.608430
-0.008252,-0.218164,-1.608351
-0.008379,-0.218138,-1.611882
-0.009051,-0.218138,-1.608256
-0.009007,-0.218250,-1.611999
-0.008736,-0.218259,-1.610062
-0.008317,-0.218329,-1.611001
-0.008829,-0.218468,-1.611676
-0.008352,-0.218476,-1.609588
-0.008468,-0.218537,-1.611380
-0.007841,-0.218502,-1.609679
-0.007890,-0.218511,-1.610286
-0.007679,-0.218511,-1.608900
-0.008214,-0.218528,-1.610052
-0.008263,-0.218520,-1.608940
-0.009001,-0.218494,-1.609426
-0.009217,-0.218554,-1.610013
-0.009424,-0.218546,-1.610249
-0.009545,-0.218528,-1.611434
-0.008854,-0.218633,-1.610290
-0.008606,-0.218659,-1.611186
-0.008148,-0.218641,-1.611935
-0.007978,-0.218633,-1.610892
-0.007993,-0.218641,-1.610892
-0.008001,-0.218667,-1.610164
-0.008238,-0.218650,-1.610177
-0.008657,-0.218659,-1.610033
-0.009006,-0.218615,-1.609534
-0.009140,-0.218641,-1.609706
-0.009117,-0.218711,-1.610114
-0.008791,-0.218693,-1.610361
-0.008235,-0.218763,-1.610714
-0.008010,-0.218789,-1.610882
-0.008006,-0.218849,-1.610929
-0.007965,-0.218841,-1.611260
-0.008189,-0.218850,-1.611193
-0.008602,-0.218849,-1.610962
-0.008881,-0.218832,-1.610712
-0.008933,-0.218876,-1.610630
-0.008890,-0.218954,-1.610595
-0.008659,-0.218980,-1.610202
-0.008134,-0.218988,-1.610093
-0.007992,-0.218954,-1.609793
-0.007666,-0.218954,-1.610084
-0.007426,-0.219006,-1.610450
-0.007607,-0.219014,-1.610613
-0.007877,-0.219040,-1.611211
-0.008418,-0.219049,-1.611083
-0.008586,-0.219040,-1.611583
-0.008627,-0.219023,-1.611356
-0.008634,-0.219075,-1.610930
-0.008295,-0.219101,-1.610757
-0.007813,-0.219197,-1.610779
-0.007624,-0.219214,-1.610692
-0.007725,-0.219275,-1.610340
-0.008067,-0.219336,-1.610598
-0.008478,-0.219379,-1.610722
-0.008455,-0.219396,-1.611091
-0.008726,-0.219422,-1.611133
-0.008813,-0.219457,-1.611167
-0.008656,-0.219501,-1.611450
-0.008359,-0.219492,-1.611527
-0.008214,-0.219431,-1.611443
-0.007968,-0.219440,-1.611642
-0.007934,-0.219457,-1.611138
-0.007837,-0.219501,-1.611130
-0.007833,-0.219570,-1.610976
-0.008151,-0.219596,-1.610597
-0.008543,-0.219665,-1.610701
-0.008632,-0.219648,-1.610901
-0.008671,-0.219691,-1.610725
-0.008354,-0.219700,-1.611027
-0.008210,-0.219726,-1.611016
-0.007975,-0.219726,-1.611111
-0.007887,-0.219822,-1.611221
-0.007915,-0.219813,-1.611491
-0.008102,-0.219848,-1.611386
-0.008221,-0.219839,-1.611439
-0.008314,-0.219804,-1.611342
-0.008570,-0.219830,-1.611065
-0.008460,-0.219908,-1.610949
-0.008208,-0.219926,-1.610884
-0.007961,-0.219900,-1.611263
-0.007904,-0.219874,-1.610773
-0.007746,-0.219978,-1.611152
-0.007819,-0.220021,-1.611205
-0.007784,-0.220030,-1.611047
-0.008008,-0.220021,-1.611031
-0.008404,-0.220030,-1.610529
-0.008385,-0.220091,-1.610898
-0.008702,-0.220065,-1.611342
-0.008876,-0.220134,-1.611608
-0.008538,-0.220160,-1.613013
-0.008624,-0.220134,-1.612696
-0.008305,-0.220091,-1.612545
-0.007758,-0.220039,-1.611915
-0.007637,-0.220039,-1.611291
-0.007593,-0.220056,-1.610819
-0.007725,-0.220117,-1.610687
-0.008435,-0.220100,-1.609808
-0.008673,-0.220100,-1.609848
-0.008894,-0.220117,-1.610446
-0.009099,-0.220047,-1.610559
-0.008945,-0.220013,-1.611063
-0.008748,-0.220021,-1.611209
-0.008389,-0.219987,-1.611834
-0.008161,-0.219961,-1.611894
-0.007755,-0.219961,-1.612546
-0.007719,-0.219891,-1.612483
-0.007796,-0.219909,-1.612355
-0.008003,-0.219874,-1.612071
-0.008379,-0.219926,-1.611356
-0.008960,-0.219917,-1.610393
-0.009035,-0.219874,-1.609192
-0.009530,-0.219891,-1.608572
-0.008553,-0.219822,-1.610269
-0.008694,-0.219778,-1.610326
-0.009385,-0.219709,-1.609285
-0.009506,-0.219735,-1.608294
-0.008632,-0.219813,-1.609743
-0.008416,-0.219900,-1.611257
-0.008292,-0.219926,-1.611690
-0.009010,-0.219978,-1.611404
-0.009447,-0.219952,-1.610953
-0.009612,-0.219969,-1.611347
-0.009496,-0.219917,-1.611350
-0.009545,-0.219917,-1.611518
-0.009332,-0.219909,-1.611179
-0.009241,-0.219952,-1.610639
-0.008775,-0.219987,-1.610502
-0.008371,-0.219969,-1.610523
-0.008272,-0.219943,-1.610236
-0.008178,-0.219917,-1.610392
-0.008339,-0.219961,-1.609972
-0.008381,-0.219943,-1.610369
-0.008595,-0.219961,-1.610480
-0.008740,-0.219961,-1.610932
-0.008813,-0.219969,-1.611192
-0.008955,-0.220021,-1.611301
-0.008915,-0.220013,-1.611381
-0.008715,-0.219969,-1.611475
-0.008608,-0.219978,-1.611223
-0.008455,-0.219978,-1.610998
-0.008261,-0.219926,-1.611033
-0.007961,-0.219891,-1.610749
-0.007950,-0.219917,-1.610778
-0.008225,-0.219978,-1.610453
-0.008489,-0.220039,-1.610359
-0.008656,-0.220134,-1.610627
-0.008879,-0.220152,-1.610475
-0.008723,-0.220143,-1.610562
-0.008424,-0.220230,-1.610917
-0.008297,-0.220247,-1.610821
-0.007920,-0.220282,-1.611298
-0.007940,-0.220317,-1.611280
-0.008067,-0.220317,-1.611150
-0.008380,-0.220369,-1.611011
-0.008474,-0.220377,-1.610889
-0.008609,-0.220412,-1.610767
-0.008598,-0.220447,-1.610870
-0.008547,-0.220456,-1.610821
-0.008634,-0.220534,-1.610720
-0.008280,-0.220551,-1.610873
-0.008016,-0.220655,-1.611057
-0.007908,-0.220794,-1.611094
-0.007887,-0.220855,-1.611439
-0.008111,-0.220820,-1.611616
-0.008355,-0.220751,-1.611588
-0.008574,-0.220777,-1.611233
-0.008704,-0.220768,-1.611198
-0.008405,-0.220838,-1.610808
-0.008140,-0.220864,-1.610830
-0.008072,-0.220881,-1.610740
-0.007948,-0.220959,-1.610835
-0.008043,-0.220959,-1.610857
-0.008177,-0.220976,-1.610808
-0.008592,-0.221002,-1.610885
-0.008741,-0.221055,-1.611051
-0.008791,-0.221089,-1.611191
-0.008823,-0.221081,-1.611247
-0.008650,-0.221098,-1.611148
-0.008375,-0.221107,-1.611111
-0.008152,-0.221124,-1.610911
-0.008305,-0.221133,-1.610851
-0.008396,-0.221141,-1.610794
-0.008682,-0.221150,-1.610948
-0.008907,-0.221141,-1.611061
-0.009072,-0.221141,-1.611180
-0.009006,-0.221141,-1.611132
-0.008816,-0.221228,-1.611253
-0.008681,-0.221237,-1.611104
-0.008385,-0.221272,-1.611070
-0.008179,-0.221220,-1.611306
-0.008261,-0.221194,-1.611239
-0.008365,-0.221202,-1.611343
-0.008455,-0.221167,-1.611332
-0.008666,-0.221202,-1.611133
-0.008732,-0.221272,-1.611062
-0.008714,-0.221254,-1.611288
-0.008629,-0.221237,-1.611148
-0.008540,-0.221298,-1.611047
-0.008538,-0.221341,-1.611181
-0.008276,-0.221358,-1.611104
-0.008081,-0.221411,-1.611494
-0.007998,-0.221497,-1.611636
-0.008246,-0.221454,-1.611461
-0.008381,-0.221471,-1.611555
-0.008201,-0.221367,-1.611117
-0.008922,-0.221428,-1.611372
-0.008852,-0.221367,-1.611429
-0.008858,-0.221358,-1.611501
-0.008803,-0.221376,-1.611142
-0.008745,-0.221358,-1.611043
-0.008537,-0.221359,-1.611065
-0.008458,-0.221402,-1.611235
-0.008481,-0.221419,-1.611171
-0.008461,-0.221428,-1.611301
-0.008387,-0.221393,-1.610846
-0.008544,-0.221411,-1.611367
-0.008643,-0.221480,-1.611220
-0.008653,-0.221471,-1.611295
-0.008660,-0.221489,-1.611308
-0.008724,-0.221445,-1.611157
-0.008699,-0.221489,-1.611389
-0.008610,-0.221471,-1.611212
-0.008350,-0.221471,-1.611317
-0.008245,-0.221480,-1.611237
-0.008287,-0.221445,-1.610824
-0.008495,-0.221419,-1.610644
-0.008532,-0.221471,-1.610607
-0.008539,-0.221532,-1.610692
-0.008413,-0.221593,-1.610797
-0.008496,-0.221601,-1.610807
-0.008318,-0.221602,-1.610724
-0.008204,-0.221584,-1.610768
-0.008128,-0.221584,-1.610739
-0.008273,-0.221628,-1.610514
-0.008159,-0.221636,-1.610686
-0.008157,-0.221654,-1.610617
-0.008225,-0.221636,-1.610644
-0.008222,-0.221706,-1.610714
-0.008479,-0.221732,-1.610743
-0.008440,-0.221749,-1.610786
-0.008496,-0.221749,-1.610659
-0.008471,-0.221706,-1.610496
-0.008266,-0.221749,-1.610681
-0.008143,-0.221775,-1.610702
-0.008123,-0.221818,-1.610855
-0.008168,-0.221836,-1.610676
-0.008230,-0.221871,-1.610729
-0.008459,-0.221914,-1.610981
-0.008581,-0.221957,-1.611295
-0.008670,-0.221975,-1.611299
-0.008729,-0.222001,-1.611194
-0.008633,-0.222035,-1.611248
-0.008588,-0.222035,-1.611136
-0.008500,-0.222027,-1.611105
-0.008413,-0.222070,-1.610982
-0.008357,-0.222053,-1.610927
-0.008387,-0.222018,-1.611010
-0.008644,-0.222009,-1.610707
-0.008603,-0.222009,-1.610222
-0.008818,-0.221975,-1.609567
-0.008670,-0.222053,-1.610237
-0.008695,-0.222096,-1.610884
-0.008506,-0.222114,-1.611276
-0.008795,-0.222157,-1.611734
-0.008541,-0.222183,-1.612351
-0.008024,-0.222200,-1.611931
-0.007935,-0.222183,-1.610847
-0.007937,-0.222218,-1.609829
-0.007986,-0.222235,-1.609212
-0.008057,-0.222261,-1.609242
-0.008370,-0.222261,-1.609182
-0.008799,-0.222270,-1.608797
-0.008979,-0.222357,-1.608958
-0.008955,-0.222348,-1.609321
-0.009015,-0.222322,-1.609860
-0.008737,-0.222322,-1.610526
-0.008461,-0.222296,-1.610908
-0.008333,-0.222287,-1.611398
-0.008021,-0.222235,-1.611986
-0.007672,-0.222235,-1.612312
-0.007623,-0.222305,-1.612278
-0.007723,-0.222339,-1.612222
-0.008420,-0.222357,-1.611199
-0.008837,-0.222374,-1.610427
-0.008983,-0.222322,-1.610300
-0.009050,-0.222348,-1.609675
-0.008510,-0.222322,-1.609328
-0.008235,-0.222305,-1.609479
-0.007922,-0.222357,-1.610135
-0.007818,-0.222383,-1.610441
-0.007769,-0.222391,-1.611046
-0.007984,-0.222391,-1.611269
-0.008520,-0.222452,-1.611578
-0.008702,-0.222487,-1.611531
-0.008670,-0.222496,-1.611368
-0.008712,-0.222539,-1.611185
-0.008605,-0.222504,-1.611005
-0.008469,-0.222513,-1.610541
-0.008302,-0.222495,-1.610341
-0.008257,-0.222530,-1.609838
-0.008269,-0.222539,-1.609843
-0.008333,-0.222556,-1.609790
-0.008555,-0.222643,-1.609825
-0.008891,-0.222643,-1.610246
-0.009007,-0.222556,-1.610960
-0.009001,-0.222487,-1.611225
-0.009026,-0.222487,-1.611142
-0.008756,-0.222521,-1.611525
-0.008579,-0.222487,-1.611300
-0.008228,-0.222469,-1.611182
-0.008206,-0.222513,-1.610896
-0.008231,-0.222556,-1.610685
-0.008392,-0.222539,-1.610484
-0.008421,-0.222565,-1.610237
-0.008647,-0.222591,-1.610239
-0.008774,-0.222617,-1.610047
-0.008874,-0.222660,-1.610413
-0.008885,-0.222660,-1.610387
-0.008950,-0.222678,-1.610223
-0.008721,-0.222669,-1.610382
-0.008285,-0.222712,-1.610794
-0.008210,-0.222669,-1.610892
-0.008204,-0.222704,-1.611040
-0.008381,-0.222686,-1.611181
-0.008531,-0.222808,-1.611080
-0.008534,-0.222817,-1.611056
-0.008877,-0.222773,-1.610668
-0.009051,-0.222773,-1.610487
-0.008895,-0.222791,-1.610385
-0.008696,-0.222843,-1.610326
-0.008626,-0.222825,-1.610136
-0.008398,-0.222791,-1.610023
-0.008296,-0.222773,-1.609964
-0.008196,-0.222765,-1.610271
-0.008187,-0.222765,-1.610368
-0.008142,-0.222799,-1.610757
-0.008518,-0.222834,-1.610607
-0.008736,-0.222808,-1.610882
-0.008699,-0.222825,-1.610605
-0.008816,-0.222825,-1.610561
-0.008730,-0.222765,-1.610967
-0.008716,-0.222817,-1.610631
-0.008492,-0.222825,-1.610519
-0.008301,-0.222817,-1.610391
-0.008254,-0.222773,-1.610523
-0.008262,-0.222808,-1.609965
-0.008258,-0.222834,-1.610107
-0.008400,-0.222843,-1.609905
-0.008530,-0.222886,-1.609984
-0.008535,-0.222903,-1.610582
-0.008731,-0.222869,-1.610132
-0.008708,-0.222825,-1.610164
-0.008662,-0.222817,-1.610541
-0.008678,-0.222834,-1.609692
-0.008298,-0.222860,-1.610486
-0.008332,-0.222956,-1.610486
-0.008835,-0.222999,-1.609703
-0.008862,-0.223008,-1.609431
-0.008859,-0.223042,-1.609469
-0.008910,-0.223042,-1.609711
-0.008797,-0.223034,-1.609840
-0.008701,-0.223077,-1.609812
-0.008544,-0.223094,-1.609821
-0.008421,-0.223086,-1.609902
-0.008229,-0.223103,-1.610173
-0.008084,-0.223173,-1.610051
-0.008156,-0.223181,-1.610005
-0.008272,-0.223216,-1.610234
-0.008661,-0.223268,-1.609872
-0.008895,-0.223216,-1.609649
-0.009110,-0.223242,-1.608846
-0.008593,-0.223259,-1.610341
-0.008686,-0.223286,-1.610222
-0.008945,-0.223216,-1.609170
-0.008492,-0.223199,-1.609510
-0.008449,-0.223294,-1.609736
-0.008511,-0.223225,-1.609581
-0.008505,-0.223320,-1.609756
-0.008513,-0.223277,-1.609871
-0.008388,-0.223268,-1.610279
-0.008410,-0.223338,-1.610239
-0.008455,-0.223364,-1.610167
-0.008383,-0.223346,-1.609830
-0.008237,-0.223390,-1.609641
-0.008231,-0.223424,-1.609709
-0.008105,-0.223442,-1.609827
-0.008092,-0.223459,-1.609935
-0.008341,-0.223468,-1.609722
-0.008336,-0.223477,-1.609282
-0.008414,-0.223433,-1.609561
-0.008332,-0.223398,-1.609735
-0.008547,-0.223459,-1.609729
-0.008481,-0.223503,-1.609722
-0.008273,-0.223520,-1.609678
-0.008145,-0.223520,-1.609777
-0.007956,-0.223563,-1.609856
-0.007891,-0.223572,-1.609437
-0.007841,-0.223511,-1.609403
-0.007749,-0.223503,-1.609489
-0.007871,-0.223503,-1.609594
-0.007907,-0.223546,-1.609583
-0.008082,-0.223555,-1.609711
-0.008145,-0.223616,-1.609672
-0.008138,-0.223668,-1.609995
-0.008325,-0.223668,-1.609973
-0.008282,-0.223633,-1.609831
-0.008055,-0.223607,-1.609672
-0.008061,-0.223563,-1.609446
-0.008241,-0.223503,-1.609236
-0.008129,-0.223555,-1.609618
-0.008275,-0.223563,-1.609603
-0.008377,-0.223642,-1.609259
-0.008321,-0.223624,-1.609236
-0.008402,-0.223598,-1.609451
-0.008396,-0.223668,-1.609513
-0.008282,-0.223746,-1.609658
-0.008218,-0.223754,-1.609293
-0.008190,-0.223754,-1.609041
-0.008029,-0.223772,-1.608711
-0.007928,-0.223859,-1.608529
-0.008056,-0.223945,-1.608310
-0.007994,-0.223971,-1.608807
-0.007960,-0.223971,-1.609292
-0.008109,-0.223980,-1.609799
-0.008208,-0.223980,-1.610466
-0.008170,-0.223989,-1.610997
-0.007978,-0.223937,-1.611225
-0.007926,-0.223937,-1.611295
-0.007987,-0.224145,-1.611726
-0.007996,-0.224197,-1.612754
-0.008569,-0.224241,-1.613743
-0.008548,-0.224301,-1.614041
-0.008359,-0.224327,-1.614028
-0.008014,-0.224223,-1.612504
-0.007856,-0.224206,-1.611048
-0.007987,-0.224249,-1.609917
-0.008212,-0.224223,-1.609402
-0.008660,-0.224275,-1.609321
-0.008898,-0.224301,-1.610071
-0.008772,-0.224232,-1.610705
-0.008545,-0.224189,-1.611527
-0.008165,-0.224162,-1.612242
-0.007996,-0.224206,-1.612510
-0.007722,-0.224232,-1.612623
-0.007548,-0.224345,-1.613025
-0.007450,-0.224397,-1.612673
-0.007616,-0.224336,-1.612428
-0.007912,-0.224380,-1.611719
-0.008368,-0.224449,-1.610957
-0.008557,-0.224553,-1.610571
-0.008719,-0.224562,-1.610216
-0.008669,-0.224614,-1.609939
-0.008633,-0.224597,-1.609965
-0.008494,-0.224605,-1.610092
-0.007898,-0.224562,-1.610745
-0.007829,-0.224631,-1.611311
-0.007792,-0.224649,-1.612052
-0.007697,-0.224701,-1.612561
-0.007980,-0.224744,-1.612651
-0.008233,-0.224761,-1.612450
-0.008387,-0.224822,-1.612286
-0.008425,-0.224848,-1.611920
-0.008582,-0.224857,-1.611173
-0.008318,-0.224848,-1.611041
-0.008213,-0.224900,-1.610717
-0.008102,-0.224918,-1.610390
-0.008067,-0.224900,-1.610551
-0.008212,-0.224961,-1.611009
-0.008469,-0.224961,-1.611432
-0.008466,-0.224978,-1.611980
-0.008634,-0.224970,-1.612358
-0.008592,-0.224996,-1.612190
-0.008405,-0.225031,-1.612209
-0.008317,-0.225074,-1.612039
-0.008160,-0.225083,-1.611666
-0.008185,-0.225135,-1.611387
-0.008144,-0.225169,-1.611056
-0.008088,-0.225170,-1.610518
-0.008323,-0.225204,-1.610175
-0.008496,-0.225265,-1.610240
-0.008392,-0.225282,-1.610643
-0.008210,-0.225265,-1.610894
-0.008279,-0.225256,-1.611102
-0.008080,-0.225317,-1.611336
-0.007927,-0.225308,-1.611523
-0.007847,-0.225282,-1.611529
-0.007810,-0.225317,-1.611583
-0.007730,-0.225343,-1.611569
-0.007875,-0.225369,-1.611308
-0.007943,-0.225421,-1.611288
-0.008162,-0.225447,-1.611211
-0.008288,-0.225456,-1.610974
-0.008251,-0.225430,-1.610548
-0.008075,-0.225421,-1.610507
-0.007937,-0.225439,-1.610646
-0.007747,-0.225430,-1.610739
-0.007673,-0.225491,-1.610963
-0.007976,-0.225473,-1.611394
-0.007979,-0.225473,-1.611503
-0.008201,-0.225473,-1.611567
-0.008171,-0.225491,-1.611471
-0.008116,-0.225525,-1.611648
-0.008238,-0.225595,-1.611367
-0.008338,-0.225578,-1.611265
-0.008281,-0.225656,-1.611182
-0.008071,-0.225708,-1.611102
-0.007902,-0.225708,-1.610860
-0.007707,-0.225734,-1.610866
-0.007815,-0.225786,-1.610700
-0.007934,-0.225795,-1.610480
-0.007996,-0.225812,-1.610884
-0.008069,-0.225812,-1.610738
-0.008190,-0.225847,-1.611027
-0.008199,-0.225829,-1.610906
-0.008146,-0.225821,-1.611319
-0.008005,-0.225864,-1.611181
-0.007805,-0.225899,-1.611088
-0.007874,-0.225933,-1.610911
-0.007829,-0.225951,-1.610672
-0.007886,-0.225899,-1.610645
-0.007976,-0.225907,-1.610505
-0.008116,-0.225864,-1.610548
-0.008211,-0.225873,-1.610407
-0.008174,-0.225899,-1.610860
-0.013881,-0.226003,-1.613323
-0.016922,-0.228112,-1.620183
-0.014312,-0.228763,-1.606138
-0.018122,-0.228025,-1.607828
-0.016610,-0.226975,-1.597260
-0.019853,-0.226680,-1.601112
-0.018096,-0.227409,-1.601999
-0.018010,-0.228477,-1.603383
0.003886,-0.224319,-1.544384
-0.011767,-0.222436,-1.406729
-0.005082,-0.232313,-1.270290
0.031109,-0.196334,-1.241046
0.035139,-0.155598,-1.126187
-0.010082,-0.157846,-1.080614
-0.053877,-0.203799,-1.225250
-0.075186,-0.242165,-1.221400
-0.050046,-0.248875,-1.265340
-0.022605,-0.250185,-1.304935
-0.058305,-0.280548,-1.268664
-0.070061,-0.299740,-1.275543
-0.065921,-0.307179,-1.281113
-0.065752,-0.292519,-1.321814
-0.060765,-0.246566,-1.334232
-0.070031,-0.228172,-1.404273
-0.064098,-0.216350,-1.388417
-0.071908,-0.207643,-1.412011
-0.031889,-0.180379,-1.395051
-0.012959,-0.169173,-1.413522
-0.032881,-0.178244,-1.396951
-0.020991,-0.202756,-1.451869
-0.027785,-0.230646,-1.456416
-0.020913,-0.245932,-1.458107
-0.038538,-0.263413,-1.380611
-0.010084,-0.278204,-1.339712
-0.018209,-0.301788,-1.310367
-0.042163,-0.321951,-1.295570
-0.035910,-0.329287,-1.247877
-0.031415,-0.308715,-1.315581
-0.059012,-0.274600,-1.362287
-0.008659,-0.252276,-1.229233
-0.066283,-0.226912,-1.293399
-0.087123,-0.216792,-1.217404
-0.050624,-0.190499,-1.193755
-0.017847,-0.180655,-1.170574
-0.032442,-0.189700,-1.091470
-0.026595,-0.208535,-1.196250
-0.039946,-0.243422,-1.171440
-0.050583,-0.264679,-1.153435
-0.033801,-0.289391,-1.259888
-0.050107,-0.328261,-1.317744
-0.069194,-0.363755,-1.278808
-0.064067,-0.364996,-1.297267
-0.054693,-0.328843,-1.419618
-0.022103,-0.284089,-1.360127
-0.053093,-0.257883,-1.367374
-0.032892,-0.234230,-1.227852
-0.018032,-0.215499,-1.210365
-0.005672,-0.215316,-1.252508
-0.044093,-0.227425,-1.232932
-0.045629,-0.259481,-1.300709
-0.042611,-0.303203,-1.290292
-0.040949,-0.322871,-1.322160
-0.040341,-0.345301,-1.352155
-0.048585,-0.374961,-1.416685
-0.029155,-0.384370,-1.390237
-0.063272,-0.360640,-1.389977
-0.063526,-0.320770,-1.436488
-0.062512,-0.301371,-1.282301
-0.069017,-0.276710,-1.301250
-0.077506,-0.262414,-1.269052
-0.054505,-0.238292,-1.219113
-0.027362,-0.228891,-1.287230
-0.042875,-0.235853,-1.331662
-0.035063,-0.270200,-1.411604
-0.020117,-0.304581,-1.356242
-0.020528,-0.319599,-1.424488
-0.042907,-0.333245,-1.373051
-0.019696,-0.348435,-1.356715
-0.039592,-0.374258,-1.326308
-0.057399,-0.393798,-1.351316
-0.081811,-0.402278,-1.397183
-0.081432,-0.398945,-1.405318
-0.045571,-0.373841,-1.419884
-0.055906,-0.343869,-1.377284
-0.067281,-0.324045,-1.350080
-0.093638,-0.306607,-1.230343
-0.060082,-0.284177,-1.192536
-0.019500,-0.269064,-1.201498
-0.025438,-0.275844,-1.281493
-0.044558,-0.296051,-1.289995
-0.041695,-0.332405,-1.342662
-0.047087,-0.359738,-1.317925
-0.016414,-0.370153,-1.400662
-0.030465,-0.383816,-1.438405
-0.063713,-0.419345,-1.395481
-0.065957,-0.450219,-1.339965
-0.037804,-0.452641,-1.382530
-0.072454,-0.441505,-1.347793
-0.066915,-0.412400,-1.444110
-0.076067,-0.378999,-1.411832
-0.094454,-0.357663,-1.325043
-0.074683,-0.345771,-1.232813
-0.065881,-0.335755,-1.134027
-0.051523,-0.315851,-1.215369
-0.028681,-0.302511,-1.187889
-0.018298,-0.304125,-1.164952
-0.030955,-0.319124,-1.219031
-0.034215,-0.365120,-1.266504
-0.024233,-0.394641,-1.314607
0.004006,-0.408885,-1.355570
-0.034383,-0.444031,-1.256347
-0.058632,-0.468536,-1.321215
-0.057301,-0.467451,-1.364550
-0.060118,-0.453824,-1.399655
-0.076921,-0.418730,-1.409289
-0.029285,-0.387480,-1.358339
-0.043646,-0.361579,-1.348664
-0.058285,-0.345607,-1.270477
-0.038661,-0.327302,-1.295894
-0.047184,-0.319533,-1.310885
-0.026896,-0.327657,-1.366124
-0.014768,-0.354679,-1.409615
-0.028427,-0.401126,-1.410418
0.008019,-0.411898,-1.498797
-0.008308,-0.422593,-1.499080
-0.041930,-0.443790,-1.412990
-0.034477,-0.466288,-1.397521
-0.053530,-0.485072,-1.349110
-0.039887,-0.487520,-1.414295
-0.069683,-0.477712,-1.453028
-0.054149,-0.433904,-1.507821
-0.078626,-0.398523,-1.474453
-0.060639,-0.385641,-1.350728
-0.032917,-0.366033,-1.226697
-0.000924,-0.340497,-1.245066
-0.006737,-0.347667,-1.251071
-0.031039,-0.385122,-1.289545
-0.016520,-0.421544,-1.280054
-0.025306,-0.437906,-1.368711
-0.037295,-0.451516,-1.318224
-0.010803,-0.466029,-1.309566
-0.048313,-0.506756,-1.334871
-0.076701,-0.526920,-1.301972
-0.052561,-0.528031,-1.358347
-0.071848,-0.505602,-1.382894
-0.061493,-0.464996,-1.356011
-0.068225,-0.439172,-1.343841
-0.068487,-0.430109,-1.164042
-0.056961,-0.410180,-1.227676
-0.041352,-0.414034,-1.314047
-0.037678,-0.449120,-1.388227
-0.024015,-0.495584,-1.359416
0.000631,-0.514898,-1.339264
-0.022997,-0.534081,-1.336420
-0.027448,-0.555538,-1.340487
-0.049291,-0.573211,-1.309703
-0.047320,-0.578436,-1.328797
-0.062896,-0.572299,-1.282808
-0.055512,-0.547648,-1.332783
-0.066890,-0.513744,-1.293176
-0.057822,-0.491757,-1.323698
-0.085066,-0.477209,-1.366605
-0.036137,-0.459797,-1.334325
-0.018407,-0.448235,-1.359292
0.006725,-0.449780,-1.375698
0.004000,-0.462644,-1.410790
-0.007763,-0.491219,-1.435645
-0.004629,-0.533623,-1.418331
0.025238,-0.544551,-1.520735
0.005061,-0.558283,-1.501405
-0.033609,-0.599904,-1.447417
-0.049848,-0.630858,-1.361589
-0.045492,-0.634894,-1.397368
-0.052224,-0.608445,-1.453635
-0.025444,-0.573465,-1.331181
-0.068809,-0.548613,-1.247715
-0.045748,-0.538657,-1.192375
-0.032362,-0.520481,-1.247916
-0.018570,-0.516262,-1.334902
-0.030292,-0.522416,-1.322242
-0.029309,-0.541625,-1.357941
-0.037365,-0.573255,-1.405418
-0.027338,-0.607672,-1.369808
-0.005809,-0.626960,-1.384877
-0.008097,-0.638635,-1.406145
-0.046337,-0.675135,-1.355228
-0.053535,-0.694787,-1.399137
-0.048498,-0.702139,-1.385105
-0.064544,-0.693303,-1.394766
-0.058676,-0.666725,-1.442937
-0.062800,-0.628679,-1.382965
-0.045164,-0.608967,-1.404575
-0.059243,-0.594194,-1.353803
-0.046693,-0.578422,-1.165362
-0.029878,-0.559248,-1.211558
-0.007155,-0.552313,-1.254591
-0.024643,-0.557833,-1.266793
-0.023161,-0.574533,-1.282540
-0.025348,-0.607708,-1.347401
-0.018906,-0.634148,-1.315190
0.001351,-0.651379,-1.375436
-0.012096,-0.671603,-1.294177
-0.041013,-0.706688,-1.280445
-0.070312,-0.727590,-1.293203
-0.061846,-0.729760,-1.352721
-0.070934,-0.695672,-1.404811
-0.065058,-0.661621,-1.365857
-0.109483,-0.642012,-1.355814
-0.120245,-0.622334,-1.269899
-0.064196,-0.604532,-1.246161
-0.070898,-0.588005,-1.265075
-0.045034,-0.597536,-1.298740
-0.051718,-0.637013,-1.353943
-0.067706,-0.678278,-1.264765
-0.043025,-0.697626,-1.393805
-0.067454,-0.727920,-1.387202
-0.067940,-0.752919,-1.365536
-0.071785,-0.770913,-1.258690
-0.040635,-0.777258,-1.321369
-0.054335,-0.762832,-1.314021
-0.062802,-0.716731,-1.346608
-0.106965,-0.690170,-1.352145
-0.084457,-0.679502,-1.275706
-0.037142,-0.655710,-1.246523
-0.015783,-0.639364,-1.206038
-0.047174,-0.660831,-1.181975
-0.046155,-0.704371,-1.308531
-0.057455,-0.743119,-1.305622
-0.037486,-0.756972,-1.396985
-0.059106,-0.789193,-1.371071
-0.057537,-0.810815,-1.383319
-0.057854,-0.825059,-1.357531
-0.073157,-0.813029,-1.362760
-0.066956,-0.763414,-1.401656
-0.056741,-0.731061,-1.379195
-0.080745,-0.713224,-1.268064
-0.034019,-0.700308,-1.176965
-0.046637,-0.686750,-1.171557
-0.021945,-0.681585,-1.220422
-0.029445,-0.690169,-1.303687
-0.024110,-0.712460,-1.365396
-0.001273,-0.744481,-1.414514
-0.027748,-0.769723,-1.397889
0.012955,-0.780913,-1.395633
0.012553,-0.794114,-1.359059
-0.030773,-0.821178,-1.401082
-0.045980,-0.852549,-1.286783
-0.053546,-0.854832,-1.339137
-0.066037,-0.830502,-1.419086
-0.067090,-0.794409,-1.346129
-0.111682,-0.772821,-1.390342
-0.083340,-0.763395,-1.234055
-0.037330,-0.742546,-1.213659
-0.030978,-0.728145,-1.311335
-0.035049,-0.740219,-1.303292
-0.028301,-0.783272,-1.399686
-0.039342,-0.817543,-1.383672
0.002635,-0.827577,-1.465193
0.001502,-0.847332,-1.405047
-0.042730,-0.876568,-1.428948
-0.049185,-0.899370,-1.408510
-0.071806,-0.916270,-1.404570
-0.055442,-0.914022,-1.412820
-0.057702,-0.880422,-1.416670
-0.065027,-0.855518,-1.374414
-0.065050,-0.833679,-1.390924
-0.065977,-0.820355,-1.364097
-0.048856,-0.804687,-1.226805
-0.018015,-0.787083,-1.222435
-0.028674,-0.795729,-1.180719
-0.038693,-0.833678,-1.226565
-0.029697,-0.881159,-1.246012
-0.006528,-0.899665,-1.211753
-0.022833,-0.919421,-1.266682
-0.017023,-0.942259,-1.250577
-0.047924,-0.962188,-1.279198
-0.032562,-0.970434,-1.336388
-0.046807,-0.965417,-1.357799
-0.049595,-0.939516,-1.407963
-0.047952,-0.907590,-1.374636
-0.065228,-0.888538,-1.408887
-0.062673,-0.875048,-1.410260
-0.054374,-0.867531,-1.422748
-0.022500,-0.849155,-1.371644
0.005048,-0.847636,-1.413178
-0.004335,-0.857210,-1.408601
-0.002878,-0.888953,-1.452806
0.008387,-0.930654,-1.442915
-0.001804,-0.944680,-1.484080
0.010767,-0.958177,-1.465647
-0.035968,-0.996813,-1.354917
-0.062923,-1.027645,-1.418882
-0.060180,-1.028236,-1.419867
-0.061299,-0.995554,-1.462396
-0.052838,-0.953691,-1.445793
-0.075243,-0.937753,-1.303572
-0.070515,-0.915732,-1.264564
-0.041627,-0.904370,-1.231798
-0.012891,-0.915063,-1.290011
-0.015289,-0.959106,-1.368858
-0.010593,-1.006465,-1.455713
-0.043611,-1.029207,-1.355131
-0.023007,-1.038746,-1.416678
-0.054519,-1.072833,-1.417576
-0.087626,-1.097606,-1.398603
-0.095155,-1.108908,-1.398234
-0.079045,-1.099003,-1.383885
-0.086404,-1.047332,-1.448083
-0.059010,-0.980510,-1.465904
-0.064403,-0.949357,-1.412609
-0.078058,-0.944036,-1.355180
-0.052400,-0.925018,-1.333571
-0.048270,-0.913664,-1.304678
-0.025123,-0.916572,-1.314662
-0.049450,-0.937031,-1.343490
-0.058278,-0.987576,-1.260290
-0.011318,-1.006230,-1.297656
0.001771,-1.015413,-1.399975
-0.031122,-1.052235,-1.361902
-0.049617,-1.087970,-1.284964
-0.072890,-1.096625,-1.368318
-0.070601,-1.054352,-1.448235
-0.049331,-0.995519,-1.275324
-0.074584,-0.976169,-1.168636
-0.032492,-0.952906,-1.143925
-0.028299,-0.934661,-1.179952
0.028429,-0.910435,-1.191389
0.004939,-0.915973,-1.212335
0.007385,-0.942690,-1.296085
-0.002516,-1.000518,-1.271407
0.015237,-1.020334,-1.350101
0.020897,-1.036106,-1.276067
0.012990,-1.062442,-1.309130
-0.016532,-1.095218,-1.290061
-0.034850,-1.099558,-1.354234
-0.039420,-1.081842,-1.387735
0.006311,-1.047329,-1.341205
-0.028215,-1.014449,-1.347285
-0.024154,-1.006384,-1.288537
-0.028641,-0.988512,-1.218339
-0.019350,-0.947297,-1.220519
-0.011655,-0.907638,-1.265236
-0.002281,-0.917385,-1.310306
0.005438,-0.958417,-1.386507
-0.001473,-0.988433,-1.260833
0.015773,-1.016191,-1.340204
-0.003925,-1.064628,-1.319443
-0.014645,-1.111674,-1.217829
-0.055835,-1.127515,-1.294024
-0.037214,-1.109981,-1.312234
-0.008647,-1.073890,-1.244409
-0.020663,-1.042892,-1.217864
-0.011350,-1.032198,-1.133042
-0.049120,-1.022867,-1.114034
-0.011994,-0.981880,-1.121737
0.007896,-0.937326,-1.146663
-0.013425,-0.907458,-1.187526
-0.007202,-0.923654,-1.363076
0.028206,-0.964434,-1.347261
0.040399,-0.983852,-1.316516
0.050829,-1.001403,-1.277417
0.020858,-1.040038,-1.308106
0.010631,-1.064464,-1.291415
-0.022425,-1.098100,-1.355518
-0.018975,-1.108178,-1.297385
-0.009200,-1.082684,-1.335717
0.027822,-1.055169,-1.270725
-0.006330,-1.025969,-1.218781
-0.036008,-1.014345,-1.139449
-0.001585,-0.984199,-1.236806
0.009261,-0.960025,-1.099239
0.013467,-0.937093,-1.139883
-0.007813,-0.927275,-1.154142
0.021921,-0.937699,-1.271108
0.006702,-0.984087,-1.194553
0.018387,-1.005535,-1.299474
0.001399,-1.024971,-1.217006
-0.014158,-1.069561,-1.279567
-0.044880,-1.104151,-1.358702
-0.062823,-1.099021,-1.314821
-0.027310,-1.050995,-1.243194
-0.023666,-1.011413,-1.204951
-0.054011,-1.000658,-1.067902
-0.024075,-0.960331,-1.091799
0.016622,-0.922337,-1.165539
0.001717,-0.926652,-1.275682
0.010309,-0.982111,-1.295019
0.058602,-1.004730,-1.399200
0.026412,-1.020675,-1.364381
0.018724,-1.042471,-1.260386
-0.000613,-1.080724,-1.249960
-0.025797,-1.112633,-1.321313
-0.023952,-1.134811,-1.313760
-0.058287,-1.133674,-1.361064
-0.032551,-1.104603,-1.365682
-0.010665,-1.076341,-1.275409
-0.008627,-1.051273,-1.166562
-0.077883,-1.043227,-1.192964
-0.014703,-0.994946,-1.263575
-0.004427,-0.945322,-1.143737
0.011526,-0.914378,-1.288182
0.015690,-0.922068,-1.370215
0.012254,-0.947180,-1.370173
0.053131,-0.966996,-1.431501
0.029976,-0.980285,-1.369107
0.039414,-0.995441,-1.323996
0.015664,-1.024345,-1.379698
0.019180,-1.057262,-1.339587
-0.010783,-1.099803,-1.338915
-0.035433,-1.098675,-1.412998
-0.013412,-1.072026,-1.499888
-0.006215,-1.043313,-1.400969
-0.064731,-1.022089,-1.268372
-0.056812,-1.011612,-1.293067
-0.039072,-0.977135,-1.165643
-0.016710,-0.946408,-1.168212
-0.014878,-0.930584,-1.227897
-0.013345,-0.948699,-1.342553
-0.012681,-0.979783,-1.314169
0.024564,-1.001371,-1.413361
0.016926,-1.026699,-1.327472
-0.020041,-1.070768,-1.281518
-0.063869,-1.114647,-1.392905
-0.070196,-1.121686,-1.347962
-0.080904,-1.075865,-1.412685
-0.032782,-1.034078,-1.318560
-0.064785,-1.008064,-1.375776
-0.088444,-0.997691,-1.217543
-0.040719,-0.964412,-1.255027
-0.034372,-0.937268,-1.079605
-0.038731,-0.927364,-1.116926
-0.016738,-0.941573,-1.227503
-0.034356,-0.991432,-1.267357
0.019221,-1.011179,-1.297493
0.011309,-1.024859,-1.339555
-0.018222,-1.063573,-1.340291
-0.033301,-1.100802,-1.273720
-0.048942,-1.139854,-1.338803
-0.054645,-1.146530,-1.262194
-0.035660,-1.103589,-1.349549
-0.060711,-1.062540,-1.232441
-0.064406,-1.048772,-1.210714
-0.028794,-1.006335,-1.212291
-0.000690,-0.955598,-1.110167
-0.010110,-0.928281,-1.163617
-0.027732,-0.931997,-1.282364
-0.043768,-0.966405,-1.298427
0.018935,-0.987680,-1.283567
0.008403,-0.997949,-1.361734
-0.015458,-1.017506,-1.261148
-0.026454,-1.062747,-1.314198
-0.039723,-1.093501,-1.252301
-0.050970,-1.116269,-1.284969
-0.042436,-1.110401,-1.341684
-0.032439,-1.077677,-1.302165
0.010262,-1.052599,-1.191244
-0.024059,-1.029970,-1.308305
-0.062049,-1.025056,-1.242145
-0.010000,-0.988946,-1.266555
-0.010029,-0.954764,-1.075322
0.011726,-0.937898,-1.203324
0.008653,-0.952308,-1.310016
-0.005011,-0.993017,-1.293195
0.022097,-1.011419,-1.302958
0.019979,-1.024857,-1.296248
-0.025585,-1.054030,-1.343032
-0.018982,-1.086979,-1.286435
-0.051518,-1.119635,-1.324482
-0.057075,-1.121987,-1.252445
-0.046723,-1.107048,-1.295340
-0.021304,-1.054464,-1.269510
-0.025586,-1.030497,-1.193741
-0.051286,-1.014526,-1.208430
-0.017183,-0.999892,-1.166738
-0.019896,-0.977437,-1.225696
-0.025491,-0.956691,-1.065657
-0.026167,-0.944002,-1.044806
-0.006988,-0.952699,-1.159234
-0.036603,-0.995596,-1.208411
-0.006673,-1.022661,-1.178596
0.002436,-1.035569,-1.225429
-0.033577,-1.075975,-1.232009
-0.057961,-1.111024,-1.182128
-0.062651,-1.122014,-1.265315
-0.080666,-1.122265,-1.262333
-0.033706,-1.095730,-1.236667
-0.036926,-1.053873,-1.239975
-0.045237,-1.022877,-1.300742
-0.021107,-1.005559,-1.232541
-0.041650,-0.994231,-1.164631
-0.043081,-0.969823,-1.185592
-0.043004,-0.948244,-1.080961
-0.026463,-0.943896,-1.258102
-0.024583,-0.988807,-1.382977
0.004195,-1.024196,-1.385207
-0.009693,-1.044872,-1.320898
-0.041654,-1.078639,-1.409739
-0.065260,-1.108263,-1.285365
-0.084737,-1.131570,-1.331194
-0.063301,-1.135632,-1.281276
-0.042528,-1.090504,-1.294548
0.003307,-1.048770,-1.211840
-0.006045,-1.021766,-1.254261
-0.055546,-1.017148,-1.206120
-0.046767,-0.987350,-1.105114
-0.025600,-0.953671,-1.060756
-0.030359,-0.942413,-1.044603
-0.012239,-0.965449,-1.193517
-0.042880,-0.997471,-1.197809
0.039631,-1.014379,-1.250262
0.018621,-1.028051,-1.237919
-0.005327,-1.051903,-1.178827
-0.036030,-1.089583,-1.204616
-0.034247,-1.116110,-1.219563
-0.045312,-1.134208,-1.206770
-0.057669,-1.134321,-1.268777
-0.013684,-1.097898,-1.313222
-0.026557,-1.063126,-1.236317
-0.017966,-1.036928,-1.290014
0.003262,-1.025627,-1.240118
-0.025881,-1.020775,-1.239006
-0.010459,-0.997885,-1.383293
-0.004692,-0.974735,-1.214163
0.018792,-0.953694,-1.201755
-0.004874,-0.947826,-1.316154
-0.005423,-0.985403,-1.398481
0.025908,-1.020479,-1.350650
0.026189,-1.035270,-1.335809
-0.019323,-1.075902,-1.318522
-0.065864,-1.113808,-1.271894
-0.054059,-1.121064,-1.320076
-0.051434,-1.111890,-1.262587
-0.035227,-1.075154,-1.319595
-0.022685,-1.024419,-1.188713
-0.058342,-1.001052,-1.192940
-0.043033,-0.992798,-1.226314
-0.023696,-0.965281,-1.212020
0.002361,-0.941662,-1.292963
0.001721,-0.940968,-1.326230
0.001007,-0.962808,-1.418494
-0.015779,-1.010618,-1.373141
0.020692,-1.030027,-1.406111
0.034437,-1.040270,-1.453892
-0.013909,-1.083402,-1.405590
-0.040381,-1.107489,-1.451448
-0.041359,-1.125032,-1.389068
-0.069050,-1.119833,-1.427450
-0.056891,-1.083542,-1.470300
-0.058801,-1.030585,-1.388504
-0.070416,-1.006479,-1.415567
-0.052404,-0.991358,-1.181120
-0.007728,-0.967539,-1.232700
0.020433,-0.944919,-1.136863
0.014993,-0.942879,-1.244535
0.017800,-0.972305,-1.365197
0.003107,-1.007147,-1.344912
0.002887,-1.035504,-1.267422
0.006625,-1.062300,-1.259448
-0.011982,-1.106587,-1.184503
-0.050857,-1.137289,-1.195440
-0.071076,-1.114877,-1.271575
-0.043890,-1.055357,-1.339028
-0.040583,-1.025670,-1.276631
-0.024746,-1.005177,-1.185708
-0.080321,-1.002998,-1.167024
-0.040744,-0.990889,-1.138978
-0.030201,-0.971905,-1.154843
-0.000106,-0.945873,-1.240150
0.017266,-0.946984,-1.304513
0.010611,-0.971003,-1.377969
0.007786,-1.014916,-1.335202
0.024561,-1.036651,-1.397198
0.002380,-1.071944,-1.392603
-0.041499,-1.109730,-1.338630
-0.033397,-1.124764,-1.283579
-0.079482,-1.125910,-1.304629
-0.038610,-1.091171,-1.327256
-0.050865,-1.032130,-1.247851
-0.078035,-1.009510,-1.213846
-0.039751,-0.988971,-1.229632
-0.025856,-0.955275,-1.153143
-0.036987,-0.935398,-1.225074
-0.020101,-0.962220,-1.335549
-0.027005,-1.010073,-1.289186
0.018061,-1.028727,-1.382866
0.006187,-1.043605,-1.445409
-0.027673,-1.074714,-1.392732
-0.037802,-1.104861,-1.367235
-0.062682,-1.135163,-1.287057
-0.047883,-1.142811,-1.321989
-0.056487,-1.136110,-1.248333
-0.036455,-1.103142,-1.268298
-0.032511,-1.064238,-1.125055
-0.065456,-1.035568,-1.213945
-0.065916,-1.027738,-1.064787
-0.042521,-1.017305,-1.025561
-0.031693,-0.986595,-1.117234
-0.004383,-0.951499,-1.166324
0.006699,-0.947054,-1.264233
0.000486,-0.979909,-1.359201
0.002180,-1.011825,-1.289787
0.009658,-1.031531,-1.268379
0.043469,-1.045688,-1.329490
-0.020386,-1.092551,-1.199681
-0.060494,-1.136604,-1.256409
-0.073336,-1.141370,-1.293543
-0.030717,-1.098906,-1.294244
-0.026774,-1.061661,-1.272877
-0.065132,-1.035289,-1.344119
-0.065420,-1.030187,-1.205624
-0.016275,-1.017644,-1.131291
-0.011284,-0.986213,-1.212656
-0.023427,-0.965630,-1.041407
-0.012279,-0.950240,-1.114576
-0.020103,-0.958070,-1.216992
-0.023099,-0.999995,-1.259833
0.026926,-1.017243,-1.340664
0.004895,-1.033735,-1.357104
-0.019363,-1.057631,-1.296175
-0.046625,-1.094920,-1.296209
-0.078461,-1.134477,-1.304039
-0.073328,-1.139788,-1.251439
-0.061680,-1.095337,-1.213885
-0.049020,-1.048109,-1.242928
-0.072945,-1.034725,-1.194765
-0.017780,-1.003815,-1.240772
-0.003660,-0.965090,-1.050286
-0.013096,-0.950760,-1.155885
0.000803,-0.948755,-1.203353
-0.005089,-0.966384,-1.275686
-0.026953,-1.007320,-1.290295
0.028515,-1.027928,-1.320756
0.017468,-1.039429,-1.377012
-0.006270,-1.066033,-1.307392
-0.043850,-1.110859,-1.142987
-0.056151,-1.132134,-1.210585
-0.083609,-1.137168,-1.164086
-0.018682,-1.106796,-1.186872
-0.001436,-1.053978,-1.129341
-0.013107,-1.028517,-1.132767
-0.064392,-1.025819,-1.114185
-0.039690,-0.998510,-1.086616
-0.049914,-0.977592,-0.996646
-0.016960,-0.957810,-1.061109
-0.006672,-0.956361,-1.149000
-0.028219,-0.997045,-1.270389
0.010467,-1.028519,-1.277076
0.017676,-1.052450,-1.289359
-0.029483,-1.097423,-1.169345
-0.065311,-1.138680,-1.135503
-0.093586,-1.149408,-1.212390
-0.041202,-1.110086,-1.257826
-0.016692,-1.058369,-1.214861
-0.053740,-1.036382,-1.262523
-0.081357,-1.029411,-1.164825
-0.064262,-1.012424,-1.138520
-0.071655,-0.984230,-1.027178
-0.039735,-0.960056,-0.934015
-0.020107,-0.958546,-1.040978
-0.048373,-0.988335,-1.166264
0.004958,-1.022832,-1.225015
-0.003798,-1.048213,-1.193572
-0.041337,-1.082612,-1.288756
-0.057356,-1.125380,-1.208212
-0.079314,-1.148504,-1.184577
-0.055645,-1.131586,-1.261706
-0.019810,-1.069209,-1.205620
-0.068856,-1.047399,-1.269521
-0.075258,-1.041512,-1.278706
-0.030213,-1.020776,-1.235875
-0.016631,-0.998171,-1.099331
-0.026224,-0.976748,-1.193226
-0.041439,-0.968189,-1.211138
-0.026910,-0.966445,-1.233011
-0.017797,-0.992008,-1.295382
-0.022876,-1.025678,-1.317365
-0.026396,-1.040115,-1.264123
-0.029273,-1.063239,-1.330400
-0.035966,-1.108072,-1.310905
-0.051415,-1.147740,-1.289172
-0.055069,-1.148330,-1.366986
-0.030960,-1.123062,-1.402826
-0.030792,-1.102793,-1.475288
-0.047207,-1.106621,-1.419681
-0.022587,-1.104546,-1.356392
-0.017310,-1.114484,-1.361763
-0.004608,-1.134840,-1.386474
-0.020362,-1.168319,-1.403540
-0.006391,-1.213136,-1.446622
-0.011019,-1.244313,-1.414149
-0.036105,-1.259643,-1.342081
0.006116,-1.267048,-1.298895
-0.023952,-1.299087,-1.305520
-0.058914,-1.351715,-1.228119
-0.044416,-1.374995,-1.273070
-0.058267,-1.357896,-1.373483
-0.038318,-1.335527,-1.440709
-0.011036,-1.311309,-1.423690
-0.058516,-1.305459,-1.396546
-0.029660,-1.297898,-1.368038
-0.013313,-1.309060,-1.393497
-0.011165,-1.349797,-1.458143
-0.074663,-1.409734,-1.331843
-0.046079,-1.425489,-1.309502
-0.004375,-1.433953,-1.334508
-0.026509,-1.465870,-1.368511
-0.046402,-1.489107,-1.366125
-0.041703,-1.491147,-1.406562
-0.055908,-1.466174,-1.422731
-0.056734,-1.420429,-1.440246
-0.071720,-1.385613,-1.401996
-0.063548,-1.364728,-1.504662
-0.031842,-1.349208,-1.405736
-0.079358,-1.346118,-1.312333
-0.011997,-1.336769,-1.284958
-0.024144,-1.337290,-1.290880
0.001583,-1.347741,-1.282763
-0.008025,-1.374762,-1.331233
-0.028479,-1.407991,-1.375034
-0.037113,-1.448674,-1.372919
-0.002578,-1.472294,-1.387495
0.009445,-1.503873,-1.312770
-0.046270,-1.572819,-1.295935
-0.086957,-1.635308,-1.330787
-0.070794,-1.645559,-1.401740
-0.080998,-1.629735,-1.405382
-0.079623,-1.601291,-1.421810
-0.049958,-1.590605,-1.443092
-0.043253,-1.575416,-1.416613
-0.071383,-1.576735,-1.407308
-0.022726,-1.571657,-1.401926
-0.013366,-1.576353,-1.368072
-0.016315,-1.615466,-1.405280
-0.038764,-1.663007,-1.441631
-0.033473,-1.700602,-1.488760
-0.016128,-1.720393,-1.437772
-0.042044,-1.729959,-1.391081
-0.020874,-1.744689,-1.379765
-0.044902,-1.770964,-1.369726
-0.060655,-1.779105,-1.434593
-0.028835,-1.756963,-1.389394
-0.039199,-1.702840,-1.416736
-0.029591,-1.635552,-1.403134
-0.052635,-1.593038,-1.447823
-0.045162,-1.580051,-1.303730
0.001090,-1.564236,-1.264806
0.001322,-1.562179,-1.257988
0.004418,-1.579427,-1.323854
-0.007593,-1.635102,-1.368375
0.006804,-1.663642,-1.339603
0.030839,-1.671410,-1.372860
-0.021376,-1.696583,-1.351939
-0.029671,-1.732553,-1.306691
-0.072926,-1.745209,-1.393350
-0.023239,-1.701418,-1.385031
0.010411,-1.650457,-1.206937
-0.027954,-1.630301,-1.315871
-0.000379,-1.616586,-1.233665
-0.030430,-1.609746,-1.144778
-0.022390,-1.592237,-1.280420
-0.021575,-1.573452,-1.176053
0.009060,-1.561101,-1.192069
0.004653,-1.565232,-1.239151
-0.019491,-1.606662,-1.223864
0.016119,-1.648875,-1.250664
0.010448,-1.665228,-1.227592
-0.021668,-1.701563,-1.266847
-0.066319,-1.738577,-1.197101
-0.089767,-1.748758,-1.281708
-0.075421,-1.738351,-1.312994
-0.042331,-1.712145,-1.348260
-0.053513,-1.699090,-1.297114
-0.022903,-1.679153,-1.305244
-0.084501,-1.683268,-1.356128
-0.029560,-1.675759,-1.367412
-0.031799,-1.679344,-1.354255
-0.003944,-1.691939,-1.348823
-0.029120,-1.718994,-1.345460
-0.032591,-1.758282,-1.393516
-0.025800,-1.794687,-1.404070
-0.012642,-1.818175,-1.416437
-0.037321,-1.832288,-1.378038
-0.041106,-1.862469,-1.330965
-0.039342,-1.914915,-1.339788
-0.048803,-1.941624,-1.335604
-0.059471,-1.942570,-1.358921
-0.075784,-1.917042,-1.414201
-0.048182,-1.895628,-1.364264
-0.068250,-1.869544,-1.355134
-0.062559,-1.866116,-1.301416
-0.023959,-1.855994,-1.277815
0.002352,-1.867999,-1.335825
-0.001150,-1.917059,-1.410314
-0.011409,-1.980641,-1.409439
0.002883,-1.999955,-1.502484
0.014424,-2.015467,-1.403756
-0.039814,-2.048409,-1.418650
-0.062457,-2.077053,-1.385439
-0.109619,-2.051847,-1.420585
-0.018042,-1.953375,-1.322595
-0.011623,-1.936944,-1.236033
-0.047828,-1.931528,-1.349117
-0.056669,-1.925425,-1.146692
-0.029294,-1.913186,-1.122986
-0.021959,-1.900860,-1.174527
-0.014238,-1.899610,-1.213058
-0.017526,-1.912283,-1.221320
-0.011275,-1.935078,-1.314186
-0.050987,-1.984077,-1.278498
-0.002324,-2.000405,-1.364418
-0.048764,-2.020188,-1.315801
-0.046385,-2.043303,-1.253661
-0.076858,-2.096730,-1.224041
-0.085430,-2.144376,-1.344935
-0.060575,-2.150782,-1.363164
-0.068511,-2.123994,-1.348464
-0.051601,-2.091722,-1.387025
-0.034234,-2.070386,-1.434877
-0.049033,-2.061020,-1.369586
-0.036342,-2.055881,-1.377401
-0.010540,-2.067296,-1.396512
-0.008436,-2.099630,-1.446589
-0.014357,-2.134047,-1.489850
-0.036590,-2.186076,-1.354004
-0.003689,-2.208037,-1.384469
-0.009681,-2.239321,-1.295816
-0.059989,-2.297008,-1.308424
-0.083635,-2.345662,-1.193405
-0.080505,-2.365982,-1.160928
-0.085910,-2.359003,-1.178519
-0.065586,-2.334003,-1.256125
-0.034487,-2.317920,-1.209630
-0.073811,-2.302669,-1.228394
-0.079198,-2.301270,-1.190416
-0.029157,-2.294544,-1.183070
-0.037394,-2.293823,-1.194962
-0.025282,-2.306044,-1.249719
-0.027960,-2.331650,-1.262991
-0.019200,-2.365365,-1.357297
-0.022933,-2.411439,-1.438007
-0.053869,-2.434329,-1.360145
-0.029364,-2.446168,-1.336981
-0.030172,-2.455759,-1.335401
-0.098983,-2.485949,-1.340141
-0.066036,-2.516990,-1.313012
-0.103880,-2.552318,-1.271846
-0.070869,-2.564748,-1.298131
-0.099669,-2.561232,-1.339730
-0.093595,-2.537848,-1.416763
-0.085932,-2.518665,-1.408916
-0.068069,-2.495402,-1.428012
-0.070471,-2.495350,-1.435481
-0.030161,-2.487069,-1.412132
-0.008219,-2.501955,-1.446579
-0.014881,-2.544253,-1.491065
-0.037125,-2.599575,-1.466448
-0.005663,-2.621917,-1.391195
-0.013835,-2.645883,-1.304608
-0.053674,-2.705004,-1.341349
-0.079995,-2.741201,-1.355022
-0.092678,-2.743119,-1.332223
-0.090384,-2.728379,-1.379513
-0.074992,-2.702574,-1.429051
-0.050482,-2.683338,-1.411160
-0.070731,-2.665319,-1.434416
-0.040494,-2.657012,-1.355866
-0.017278,-2.646309,-1.377470
0.006606,-2.653731,-1.388525
0.018257,-2.682809,-1.439152
0.003569,-2.745566,-1.508200
-0.012240,-2.782692,-1.357348
0.017112,-2.801563,-1.388180
0.017926,-2.814060,-1.375356
-0.051851,-2.848738,-1.351509
-0.053807,-2.875473,-1.327781
-0.065994,-2.894162,-1.330432
-0.072786,-2.885655,-1.373097
-0.068924,-2.857531,-1.345406
-0.062528,-2.807482,-1.379454
-0.066696,-2.747344,-1.362563
-0.063933,-2.723552,-1.464642
-0.021760,-2.710549,-1.342185
-0.069973,-2.708796,-1.319429
-0.043087,-2.695081,-1.281313
-0.033705,-2.685619,-1.288012
-0.008062,-2.675975,-1.286760
0.001236,-2.679057,-1.337231
-0.011415,-2.694742,-1.413328
-0.014757,-2.715965,-1.459621
-0.005125,-2.730452,-1.398595
-0.012211,-2.744437,-1.331591
-0.012591,-2.761657,-1.277118
-0.014959,-2.794921,-1.334093
-0.039601,-2.816543,-1.376333
-0.066743,-2.830084,-1.393659
-0.059488,-2.834980,-1.418805
-0.058398,-2.817247,-1.412664
-0.054305,-2.788619,-1.394000
-0.016759,-2.773645,-1.316416
-0.028237,-2.755973,-1.292331
-0.059533,-2.755409,-1.378777
-0.002011,-2.745348,-1.280674
-0.006950,-2.734603,-1.312008
0.012926,-2.733188,-1.230173
-0.018495,-2.747363,-1.301956
0.005698,-2.775347,-1.372760
0.018664,-2.806588,-1.426921
-0.022589,-2.825649,-1.337889
-0.024816,-2.841290,-1.374092
-0.034537,-2.858010,-1.440057
-0.050704,-2.892801,-1.357270
-0.045078,-2.901629,-1.312520
-0.056841,-2.892263,-1.221162
-0.052033,-2.867057,-1.213955
-0.010340,-2.840895,-1.187890
-0.029040,-2.817310,-1.205332
-0.068715,-2.812891,-1.218489
-0.010740,-2.797389,-1.179209
-0.018241,-2.782501,-1.186784
0.016675,-2.771077,-1.190173
-0.002797,-2.783793,-1.265313
0.008412,-2.820623,-1.334633
-0.018820,-2.858227,-1.260380
-0.001496,-2.875830,-1.300076
-0.042929,-2.911742,-1.338635
-0.062519,-2.941368,-1.316831
-0.066566,-2.945022,-1.337359
-0.061752,-2.908297,-1.362732
-0.015215,-2.861214,-1.281069
-0.018280,-2.848871,-1.281974
-0.035492,-2.846562,-1.207973
-0.000884,-2.844757,-1.234241
0.015382,-2.863115,-1.290899
0.018437,-2.900684,-1.354582
0.016191,-2.959422,-1.407064
0.016089,-3.025625,-1.444455
-0.013358,-3.070287,-1.367322
-0.037863,-3.074375,-1.398229
-0.064087,-3.101848,-1.333542
-0.067735,-3.130171,-1.339036
-0.067501,-3.139536,-1.356781
-0.089485,-3.122879,-1.411366
-0.070951,-3.062569,-1.469230
-0.051170,-3.038524,-1.382640
-0.076037,-3.007441,-1.219384
-0.042116,-2.984612,-1.173676
-0.051012,-2.963553,-1.149549
-0.025859,-2.950281,-1.257614
-0.003327,-2.965706,-1.328203
0.000345,-3.009731,-1.445336
0.029197,-3.054799,-1.386116
0.009912,-3.087612,-1.291625
-0.055422,-3.144718,-1.290669
-0.073986,-3.179031,-1.361024
-0.070365,-3.174240,-1.382056
-0.067384,-3.148303,-1.404700
-0.059947,-3.107652,-1.435977
-0.008772,-3.035123,-1.335355
0.005489,-3.014455,-1.308330
-0.056951,-3.007572,-1.225871
-0.048005,-2.998241,-1.288465
-0.021149,-3.001965,-1.257224
-0.003988,-3.013850,-1.202241
-0.031601,-3.036687,-1.250918
-0.042333,-3.085809,-1.341462
-0.057836,-3.123750,-1.306271
-0.071070,-3.149808,-1.265405
-0.047723,-3.179564,-1.310668
-0.061672,-3.207384,-1.285940
-0.083787,-3.237452,-1.400741
-0.070654,-3.242322,-1.374793
-0.061812,-3.200432,-1.506021
-0.071645,-3.176813,-1.492450
-0.058087,-3.169271,-1.423186
-0.019199,-3.143925,-1.399569
-0.016215,-3.128865,-1.402265
0.003225,-3.125054,-1.398073
-0.004426,-3.144307,-1.414894
-0.002640,-3.198333,-1.472050
-0.002443,-3.220137,-1.372876
-0.008293,-3.236335,-1.368285
0.035606,-3.240978,-1.393761
0.003961,-3.272201,-1.433160
-0.025247,-3.286367,-1.488597
-0.037576,-3.282938,-1.495156
-0.037362,-3.246612,-1.512669
-0.036046,-3.215295,-1.454797
-0.020678,-3.192039,-1.287913
-0.079487,-3.184078,-1.345546
-0.044094,-3.161675,-1.172424
-0.046298,-3.133430,-1.183020
-0.020699,-3.108916,-1.099484
-0.059870,-3.103178,-1.077582
-0.025200,-3.132431,-1.201154
-0.023047,-3.165060,-1.226380
-0.029389,-3.191317,-1.174793
-0.041643,-3.221403,-1.192558
-0.075325,-3.260144,-1.230393
-0.101587,-3.270386,-1.246064
-0.079316,-3.266819,-1.300357
-0.076508,-3.242904,-1.349008
-0.094488,-3.209434,-1.401139
-0.035921,-3.182846,-1.339631
-0.059306,-3.162309,-1.421857
-0.058034,-3.153897,-1.289197
-0.024499,-3.118942,-1.152372
-0.007954,-3.096495,-1.272909
-0.001550,-3.103195,-1.371509
-0.008735,-3.130374,-1.409062
-0.010084,-3.155242,-1.383750
-0.016829,-3.173773,-1.286287
-0.047138,-3.193938,-1.328001
-0.055389,-3.215621,-1.319949
-0.066055,-3.226046,-1.321735
-0.079498,-3.221810,-1.363956
-0.067822,-3.181117,-1.443483
-0.007810,-3.138228,-1.365730
-0.032036,-3.111944,-1.382863
-0.052478,-3.107135,-1.355018
0.004254,-3.067008,-1.176463
-0.002398,-3.048275,-1.014669
0.004499,-3.034923,-1.056577
-0.004982,-3.040245,-1.135690
-0.002340,-3.063412,-1.229905
0.027020,-3.094305,-1.289574
0.050012,-3.112724,-1.254534
0.007761,-3.121560,-1.285077
-0.012886,-3.149892,-1.328696
-0.037204,-3.171393,-1.292223
-0.039712,-3.177304,-1.311929
-0.021310,-3.160943,-1.346291
-0.045120,-3.123011,-1.354302
-0.010993,-3.099184,-1.326330
0.009533,-3.073350,-1.294343
-0.047425,-3.061536,-1.225131
-0.028410,-3.038376,-1.179375
-0.007926,-3.006572,-1.179657
-0.005275,-2.985131,-1.118396
-0.005923,-2.984584,-1.273534
0.028220,-3.025693,-1.390715
0.024386,-3.052177,-1.395412
-0.006538,-3.080674,-1.297412
-0.060963,-3.111506,-1.337002
-0.048767,-3.131584,-1.368363
-0.093259,-3.144013,-1.312844
-0.066735,-3.141045,-1.373592
-0.076347,-3.120151,-1.384180
-0.069909,-3.087575,-1.444373
-0.018461,-3.062636,-1.414424
-0.062343,-3.042603,-1.447326
-0.080956,-3.040319,-1.361901
-0.038918,-3.006675,-1.369668
-0.025706,-2.982412,-1.340503
-0.010726,-2.968447,-1.255004
-0.035192,-2.970886,-1.298635
-0.009384,-2.990043,-1.373791
-0.005018,-3.017664,-1.455988
0.003786,-3.034338,-1.455373
0.001840,-3.044876,-1.479926
-0.052418,-3.066004,-1.450830
-0.032771,-3.079345,-1.398742
-0.076507,-3.080613,-1.428581
-0.070644,-3.065883,-1.461074
-0.053185,-3.016847,-1.518136
0.003495,-2.978091,-1.431844
-0.023260,-2.950706,-1.430662
-0.043974,-2.929621,-1.264422
-0.046763,-2.894345,-1.150397
-0.013558,-2.858113,-1.170552
-0.033147,-2.846291,-1.117896
-0.014965,-2.859597,-1.208255
0.009707,-2.891765,-1.325483
0.022400,-2.920645,-1.353141
-0.043984,-2.935289,-1.353625
-0.028202,-2.953700,-1.323384
-0.052741,-2.981286,-1.337287
-0.041465,-2.992006,-1.443236
-0.044605,-2.981199,-1.466071
-0.041193,-2.949967,-1.448460
-0.026860,-2.897920,-1.428247
-0.017802,-2.860699,-1.380330
-0.051533,-2.845536,-1.299550
-0.041296,-2.805770,-1.328182
-0.016309,-2.770129,-1.363704
-0.001394,-2.777958,-1.409243
0.000340,-2.821125,-1.417304
0.000307,-2.845855,-1.375301
0.001790,-2.861774,-1.431146
-0.039192,-2.888015,-1.369648
-0.059346,-2.916434,-1.385324
-0.068411,-2.923838,-1.346339
-0.079963,-2.896868,-1.427723
-0.044197,-2.835117,-1.350014
-0.035684,-2.799381,-1.229051
-0.049746,-2.793313,-1.318089
-0.003657,-2.751406,-1.230937
-0.003708,-2.721234,-0.977089
-0.007208,-2.721901,-1.119864
-0.008764,-2.762620,-1.262585
-0.021935,-2.794711,-1.313873
-0.017577,-2.811030,-1.357336
-0.039066,-2.844396,-1.343076
-0.051807,-2.858084,-1.325966
-0.063845,-2.844032,-1.430284
-0.045931,-2.807949,-1.451600
-0.028866,-2.778478,-1.354984
-0.021111,-2.760815,-1.290298
-0.025798,-2.734445,-1.274437
-0.052469,-2.721268,-1.242761
-0.039455,-2.693145,-1.220488
-0.027757,-2.667606,-1.214347
-0.022561,-2.645089,-1.113536
-0.043710,-2.640966,-1.194512
-0.021078,-2.658491,-1.265378
-0.003796,-2.689722,-1.355381
-0.020613,-2.708212,-1.323170
-0.048426,-2.731093,-1.254761
-0.034436,-2.757898,-1.335116
-0.049493,-2.779113,-1.316820
-0.046181,-2.791474,-1.322319
-0.025133,-2.786665,-1.359318
-0.028860,-2.766474,-1.384833
-0.043766,-2.724767,-1.442302
-0.002116,-2.693256,-1.302212
-0.036834,-2.667008,-1.332708
-0.062043,-2.660810,-1.392489
-0.005698,-2.638077,-1.321728
-0.015496,-2.608070,-1.285989
-0.007606,-2.580327,-1.282582
-0.012221,-2.571604,-1.319988
-0.005670,-2.592879,-1.406673
-0.025099,-2.633068,-1.353691
0.015834,-2.650436,-1.434585
-0.020446,-2.665592,-1.458519
-0.068708,-2.700270,-1.424041
-0.065786,-2.719904,-1.426730
-0.100047,-2.729375,-1.417863
-0.088934,-2.721971,-1.401244
-0.089857,-2.701503,-1.447827
-0.061500,-2.657391,-1.387595
-0.023657,-2.631775,-1.289106
-0.037383,-2.603303,-1.315217
-0.065167,-2.600300,-1.395997
-0.030673,-2.577784,-1.299245
-0.029238,-2.550631,-1.116116
-0.031199,-2.520745,-1.020605
-0.047269,-2.518002,-1.142694
-0.032217,-2.534893,-1.218860
-0.003169,-2.578763,-1.268766
0.013163,-2.605619,-1.279104
0.008027,-2.618978,-1.337743
-0.046765,-2.645227,-1.310685
-0.041943,-2.661477,-1.299307
-0.054207,-2.669897,-1.336287
-0.050753,-2.651234,-1.437750
-0.045546,-2.619177,-1.470958
-0.019525,-2.584962,-1.365886
-0.029705,-2.555778,-1.412695
-0.033995,-2.539805,-1.250719
-0.034281,-2.524077,-1.211583
-0.020489,-2.480736,-1.175536
-0.008978,-2.450173,-1.168789
-0.015079,-2.450233,-1.221928
0.006766,-2.477819,-1.327422
-0.008300,-2.511082,-1.307262
0.011853,-2.528912,-1.345497
-0.007468,-2.557469,-1.301217
-0.065244,-2.599315,-1.228680
-0.074774,-2.612353,-1.334326
-0.057771,-2.592154,-1.374697
-0.071269,-2.547313,-1.431254
-0.057436,-2.502731,-1.377048
-0.068882,-2.475161,-1.419085
-0.024684,-2.438783,-1.416422
-0.015796,-2.410798,-1.396950
-0.018536,-2.389992,-1.426452
-0.013859,-2.408827,-1.461352
0.003196,-2.440710,-1.487541
0.020238,-2.467393,-1.480967
-0.004490,-2.489424,-1.440952
-0.058264,-2.517184,-1.504555
-0.047134,-2.532617,-1.499832
-0.058207,-2.535733,-1.482864
-0.069124,-2.506160,-1.495246
-0.070655,-2.461631,-1.526191
-0.058980,-2.417240,-1.493783
-0.045032,-2.393238,-1.415793
-0.066573,-2.375645,-1.302263
-0.041308,-2.335204,-1.204328
-0.043308,-2.308711,-1.240906
-0.060493,-2.302348,-1.279180
-0.029755,-2.324709,-1.315072
-0.019700,-2.366973,-1.331528
0.010206,-2.387997,-1.356738
0.001998,-2.401825,-1.440414
-0.048669,-2.432205,-1.472471
-0.037474,-2.453340,-1.454383
-0.073546,-2.458027,-1.453049
-0.062517,-2.445085,-1.462295
-0.030692,-2.399479,-1.507481
0.019621,-2.354082,-1.369062
-0.021620,-2.325576,-1.348033
-0.051053,-2.314865,-1.263483
-0.051331,-2.270049,-1.227508
-0.044371,-2.235796,-1.252357
-0.029040,-2.248573,-1.333410
-0.016376,-2.292391,-1.347057
0.017480,-2.307981,-1.330133
-0.018991,-2.324300,-1.366894
-0.068881,-2.358960,-1.371776
-0.072865,-2.376990,-1.375112
-0.101220,-2.385574,-1.371569
-0.076881,-2.376989,-1.415076
-0.078861,-2.350090,-1.444476
-0.075937,-2.309830,-1.498479
-0.003294,-2.272437,-1.282502
-0.027027,-2.241048,-1.301488
-0.047140,-2.235075,-1.416762
-0.009420,-2.214521,-1.324421
-0.021923,-2.182709,-1.244290
-0.004556,-2.158047,-1.257705
-0.038446,-2.152666,-1.292449
-0.021260,-2.162058,-1.358315
-0.006206,-2.200788,-1.389570
-0.012734,-2.222011,-1.402051
-0.031543,-2.249241,-1.393916
-0.064279,-2.278659,-1.472086
-0.061712,-2.279649,-1.420264
-0.085494,-2.246317,-1.484631
-0.073790,-2.200258,-1.527742
-0.004048,-2.169410,-1.390399
-0.044102,-2.143116,-1.476549
-0.030320,-2.129827,-1.398901
-0.020558,-2.086574,-1.321107
-0.018692,-2.068736,-1.227794
-0.035450,-2.049300,-1.297919
-0.012359,-2.069551,-1.350285
-0.006924,-2.103196,-1.359755
-0.033111,-2.126910,-1.341845
-0.030484,-2.151103,-1.383230
-0.064599,-2.169392,-1.356893
-0.066584,-2.180477,-1.366301
-0.054789,-2.175789,-1.428044
-0.068005,-2.160304,-1.456035
-0.058683,-2.112050,-1.493984
-0.035414,-2.072998,-1.491645
-0.038864,-2.050386,-1.461301
-0.024720,-2.034892,-1.394225
-0.050245,-2.025717,-1.353083
-0.039192,-1.984669,-1.383620
-0.026727,-1.951779,-1.179830
-0.049365,-1.947942,-1.275592
-0.018533,-1.959036,-1.347437
-0.028922,-1.993774,-1.394411
-0.054295,-2.014458,-1.286418
-0.054493,-2.046228,-1.375903
-0.061501,-2.066011,-1.379527
-0.081901,-2.071401,-1.403719
-0.066798,-2.038772,-1.410871
-0.059929,-1.975945,-1.419339
-0.055274,-1.941580,-1.492306
-0.040851,-1.927727,-1.309455
-0.054001,-1.920263,-1.256405
-0.032106,-1.875804,-1.279932
-0.037060,-1.852679,-1.329946
-0.042601,-1.838235,-1.343920
-0.026607,-1.838305,-1.360498
-0.001331,-1.854563,-1.403360
0.024991,-1.876030,-1.429510
0.006412,-1.887513,-1.509539
-0.021203,-1.900802,-1.353354
-0.012411,-1.918075,-1.329832
-0.037458,-1.939802,-1.333697
-0.031647,-1.950592,-1.398741
-0.041135,-1.945921,-1.422906
-0.055589,-1.926061,-1.445739
-0.053368,-1.868181,-1.496623
-0.011300,-1.822913,-1.447508
-0.015912,-1.787411,-1.491907
-0.040836,-1.780998,-1.366633
-0.025481,-1.731920,-1.301139
-0.012403,-1.696852,-1.180982
-0.017698,-1.689664,-1.297608
-0.002563,-1.704533,-1.345574
0.015088,-1.728049,-1.356771
0.006680,-1.737345,-1.482884
-0.040499,-1.755496,-1.282179
-0.015009,-1.773776,-1.258341
-0.038487,-1.812499,-1.386670
-0.035604,-1.812613,-1.386802
-0.051527,-1.777787,-1.418320
-0.042394,-1.737564,-1.457392
0.002583,-1.691237,-1.414527
-0.024081,-1.674935,-1.317636
-0.024842,-1.656706,-1.205419
-0.006714,-1.611648,-1.259324
-0.014037,-1.586468,-1.247002
-0.012593,-1.570670,-1.250224
-0.031067,-1.566269,-1.265121
-0.009090,-1.570487,-1.339688
0.008746,-1.596078,-1.344983
-0.003798,-1.619012,-1.354825
0.008948,-1.628873,-1.208668
-0.027852,-1.658299,-1.254857
-0.032975,-1.672110,-1.297238
-0.016233,-1.667475,-1.273171
-0.046538,-1.632928,-1.383626
-0.023305,-1.587088,-1.346805
0.038376,-1.559589,-1.329990
0.008885,-1.536211,-1.394034
-0.000189,-1.532305,-1.351931
0.020581,-1.509669,-1.261149
0.001226,-1.457073,-1.290857
0.002530,-1.429660,-1.366271
-0.000088,-1.426908,-1.340959
-0.000690,-1.435232,-1.376436
0.023527,-1.455361,-1.439859
-0.005438,-1.467749,-1.476897
-0.034343,-1.482435,-1.400267
0.007304,-1.490907,-1.437364
-0.040088,-1.527025,-1.393725
-0.055889,-1.531261,-1.482274
-0.033618,-1.504735,-1.452329
-0.030267,-1.438297,-1.463166
-0.027270,-1.402022,-1.512606
-0.053090,-1.384566,-1.495595
-0.037684,-1.342753,-1.445805
-0.014972,-1.293579,-1.371487
-0.039018,-1.282642,-1.390087
-0.008012,-1.291027,-1.461487
0.013445,-1.310383,-1.520786
-0.014291,-1.320452,-1.434124
-0.002920,-1.330268,-1.334786
0.020948,-1.344520,-1.272763
-0.018213,-1.374858,-1.350843
-0.004095,-1.387419,-1.383864
-0.038381,-1.389094,-1.413343
-0.019665,-1.370301,-1.393651
-0.038108,-1.335242,-1.437548
-0.028636,-1.292734,-1.390605
0.040432,-1.264646,-1.331505
0.004189,-1.240810,-1.288853
0.015990,-1.240272,-1.338617
0.033229,-1.215054,-1.256444
-0.011739,-1.185179,-1.174738
-0.000297,-1.155599,-1.164768
-0.011739,-1.145330,-1.212670
0.003521,-1.149054,-1.301973
0.001713,-1.164349,-1.348713
-0.022462,-1.178957,-1.338219
0.034441,-1.182524,-1.362838
0.026845,-1.190901,-1.363321
0.001596,-1.213894,-1.336218
-0.017105,-1.229649,-1.286577
-0.031289,-1.230734,-1.394849
-0.008553,-1.210830,-1.393004
-0.020643,-1.176638,-1.435508
0.005485,-1.125355,-1.429590
-0.010927,-1.102475,-1.474737
-0.014515,-1.093631,-1.281442
-0.016318,-1.081384,-1.219753
-0.019981,-1.030538,-1.177590
0.000811,-0.989238,-1.311172
-0.004980,-0.990219,-1.318289
0.028825,-1.016530,-1.377158
0.027094,-1.029071,-1.322944
0.000186,-1.060080,-1.295595
-0.053674,-1.091312,-1.250428
-0.068986,-1.099594,-1.254324
-0.069639,-1.091234,-1.227582
-0.025604,-1.040195,-1.365913
-0.052098,-1.001776,-1.380719
-0.021395,-0.981170,-1.322192
-0.039891,-0.960528,-1.200795
-0.035788,-0.952291,-1.294135
-0.005002,-0.920973,-1.328019
-0.055685,-0.895853,-1.204455
-0.055442,-0.870279,-1.132574
-0.054014,-0.860513,-1.180494
-0.050118,-0.866424,-1.216864
-0.000946,-0.884851,-1.304000
-0.019127,-0.901125,-1.307093
0.008036,-0.905647,-1.348189
-0.040936,-0.942348,-1.253723
-0.033678,-0.948884,-1.347538
-0.025818,-0.936289,-1.273924
-0.033906,-0.906594,-1.374523
-0.000541,-0.843645,-1.321345
0.013219,-0.806174,-1.377802
0.004595,-0.796616,-1.285941
-0.011863,-0.743129,-1.156298
-0.007930,-0.709572,-1.197693
-0.028513,-0.694937,-1.184864
0.013410,-0.698835,-1.269292
0.022642,-0.717906,-1.330714
-0.026437,-0.737220,-1.269893
-0.027098,-0.751725,-1.230594
0.052557,-0.757420,-1.280193
0.032234,-0.784025,-1.328361
0.013214,-0.796794,-1.286902
-0.027036,-0.803375,-1.207003
-0.038573,-0.792571,-1.149273
-0.054500,-0.769124,-1.190859
-0.027999,-0.724084,-1.216121
0.007740,-0.680637,-1.292094
-0.008764,-0.660205,-1.257825
0.012261,-0.619684,-1.204427
-0.026652,-0.596291,-1.101581
-0.028523,-0.569268,-1.011119
-0.022748,-0.560145,-1.062323
-0.019033,-0.568122,-1.117169
-0.001292,-0.584155,-1.231088
0.010469,-0.591073,-1.258842
0.002444,-0.607103,-1.218005
-0.041153,-0.646145,-1.104123
-0.053201,-0.667838,-1.034974
-0.028972,-0.675452,-1.130494
-0.044566,-0.652494,-1.148310
-0.041316,-0.606992,-1.256774
-0.005286,-0.575466,-1.283311
0.000906,-0.556716,-1.409832
-0.027418,-0.549197,-1.285585
0.017120,-0.497851,-1.280616
0.026770,-0.455373,-1.251292
0.023660,-0.434273,-1.224433
0.033500,-0.438790,-1.188990
-0.014222,-0.462757,-1.122323
0.015424,-0.483035,-1.143843
0.005465,-0.498283,-1.133330
0.047940,-0.504805,-1.210575
0.007130,-0.545458,-1.025725
-0.037276,-0.559291,-0.956990
-0.017394,-0.534363,-0.998664
-0.023525,-0.502630,-1.033072
0.030426,-0.467778,-1.164317
0.026402,-0.443666,-1.120715
0.039958,-0.418797,-1.009525
0.000734,-0.411228,-0.990560
0.005639,-0.357322,-1.036852
0.037840,-0.311232,-1.102937
0.051951,-0.324641,-1.068868
0.026538,-0.344832,-1.077546
0.034589,-0.369882,-1.126947
0.027338,-0.400785,-1.068153
-0.010858,-0.448195,-0.965807
-0.044932,-0.466674,-1.000526
-0.020160,-0.446293,-1.131078
-0.034141,-0.393145,-1.182423
-0.015797,-0.360541,-1.257757
-0.007076,-0.337412,-1.207101
0.021447,-0.307145,-1.107189
-0.031683,-0.294853,-0.891172
0.021971,-0.257445,-0.972373
0.020762,-0.246915,-1.047167
-0.007350,-0.259666,-0.959336
-0.034211,-0.283657,-0.959533
-0.052070,-0.310019,-0.963327
-0.024075,-0.322082,-0.911057
0.005876,-0.330407,-0.962908
0.031696,-0.353814,-1.055344
0.010958,-0.368563,-1.028550
-0.030377,-0.377634,-0.873373
-0.027506,-0.366239,-0.918990
0.041116,-0.328628,-1.088140
-0.031663,-0.292605,-0.958616
0.051583,-0.266146,-0.882237
0.044526,-0.233442,-0.896230
0.064116,-0.226073,-1.010924
0.048293,-0.201274,-1.047856
0.034782,-0.171779,-0.868160
0.015411,-0.183011,-0.815010
-0.001990,-0.225169,-0.907031
-0.028796,-0.251387,-0.899224
0.013707,-0.257810,-0.936623
-0.012787,-0.279261,-0.782038
0.023249,-0.301725,-0.840124
-0.009056,-0.336208,-0.740973
0.011464,-0.337595,-0.791706
0.011277,-0.324213,-0.780261
0.075177,-0.285777,-0.981811
0.034449,-0.259892,-1.077034
0.050459,-0.241072,-1.009547
0.033847,-0.230083,-0.924625
0.068994,-0.215079,-1.015326
0.019808,-0.240032,-0.903302
-0.002337,-0.261921,-0.861643
-0.037412,-0.310403,-0.868053
-0.031405,-0.335487,-0.905677
-0.001252,-0.337744,-1.040050
0.032664,-0.331140,-1.075525
0.007843,-0.363653,-1.023622
-0.033029,-0.400136,-0.843873
-0.041932,-0.421460,-0.783416
0.011969,-0.420791,-0.917514
0.018889,-0.405869,-0.982212
-0.032800,-0.383507,-0.940355
0.056650,-0.354151,-0.971223
-0.001839,-0.342425,-1.115782
0.002730,-0.345716,-0.948939
0.080567,-0.318204,-0.827725
0.098512,-0.308777,-0.990665
0.007002,-0.321406,-0.952215
0.095440,-0.314182,-1.073214
0.038816,-0.335553,-1.116697
0.065822,-0.363860,-1.259541
-0.015201,-0.396238,-1.233570
0.059097,-0.389002,-1.224359
0.026849,-0.434888,-1.101753
0.036645,-0.457113,-1.080014
0.040487,-0.470125,-1.055856
-0.032439,-0.440744,-1.074883
0.015103,-0.393315,-0.976528
0.070700,-0.351695,-0.910097
0.082975,-0.359683,-1.074096
0.039923,-0.355097,-0.925712
0.105107,-0.331220,-0.982803
0.074333,-0.326158,-1.055207
0.088628,-0.336192,-1.141566
0.095387,-0.368588,-1.270481
-0.009002,-0.412684,-1.109117
-0.015163,-0.438968,-1.054721
-0.014418,-0.461893,-0.953885
0.037108,-0.480669,-1.005889
0.053384,-0.496728,-1.061564
0.014843,-0.512578,-0.938319
-0.064333,-0.497006,-0.927926
-0.006296,-0.452208,-1.042162
-0.013207,-0.417278,-1.055559
0.028085,-0.395186,-0.927613
0.074378,-0.384822,-1.018788
-0.019089,-0.390618,-0.982544
0.016564,-0.375420,-0.952298
0.058193,-0.370992,-1.015930
0.042653,-0.403761,-1.170919
0.050744,-0.448456,-1.310846
0.027737,-0.470923,-1.203651
-0.010862,-0.502865,-1.050223
0.025233,-0.532360,-1.007284
-0.008757,-0.581776,-0.874398
-0.034851,-0.572808,-0.901857
-0.004169,-0.506213,-1.070191
0.019518,-0.464617,-1.174616
0.040778,-0.456684,-0.940100
0.086038,-0.446647,-0.985845
0.004895,-0.447567,-1.015222
-0.023595,-0.446481,-0.907375
0.086116,-0.430076,-1.062652
0.003557,-0.460778,-1.076114
0.007924,-0.479606,-1.192755
0.024675,-0.513597,-1.289495
-0.077635,-0.534005,-1.121637
-0.030315,-0.542595,-1.046604
-0.063799,-0.573965,-0.942808
0.054621,-0.571756,-1.062984
0.065361,-0.589959,-1.065424
-0.011687,-0.607909,-0.848275
0.057059,-0.593315,-1.038816
-0.027924,-0.587230,-1.038921
0.062317,-0.538379,-1.163376
-0.014372,-0.531809,-1.272747
0.020233,-0.516764,-0.966030
-0.038205,-0.507630,-0.867634
0.079542,-0.475054,-0.951403
0.033119,-0.471799,-0.926832
0.073812,-0.482996,-1.008369
0.091854,-0.509184,-1.119817
0.091457,-0.544053,-1.133951
-0.012632,-0.573566,-1.044647
0.033995,-0.579723,-1.120590
0.078291,-0.573882,-1.162565
0.020920,-0.615453,-0.972914
-0.009483,-0.652633,-0.873073
0.042383,-0.652285,-0.989205
0.062691,-0.648473,-0.925000
0.030971,-0.639801,-1.014774
-0.057043,-0.620506,-1.074272
0.017412,-0.581548,-1.054624
-0.043281,-0.579927,-1.200847
-0.036645,-0.575423,-1.016056
0.021327,-0.558323,-0.930378
0.013611,-0.530832,-0.933565
0.009016,-0.533160,-1.049712
0.072599,-0.532769,-1.010624
0.100002,-0.549087,-1.119307
0.099176,-0.580406,-1.229631
0.068284,-0.610968,-1.244685
-0.007309,-0.645640,-1.199188
0.032189,-0.636285,-1.225993
-0.001765,-0.665593,-1.106521
-0.066001,-0.700460,-0.962594
-0.019605,-0.698836,-1.185996
-0.016544,-0.696432,-1.007699
-0.007461,-0.669125,-1.154398
-0.015639,-0.635653,-1.283231
0.058662,-0.604657,-1.197627
0.080205,-0.580214,-1.215988
-0.003938,-0.607231,-1.120817
-0.033224,-0.583049,-0.853483
0.060096,-0.560801,-0.997609
0.046905,-0.555524,-1.040853
0.048820,-0.569526,-1.131511
0.084737,-0.592216,-1.194829
0.085020,-0.630880,-1.183237
0.017955,-0.641954,-1.180528
-0.040629,-0.676310,-0.982159
-0.040756,-0.684907,-0.977524
0.040140,-0.683663,-1.085784
0.036628,-0.706897,-1.028834
-0.030976,-0.731406,-0.792293
-0.015019,-0.710251,-0.948234
-0.069791,-0.688021,-0.907487
-0.015011,-0.648203,-1.047722
-0.090526,-0.637700,-0.993555
0.022939,-0.605731,-0.962491
0.020633,-0.611059,-0.993736
-0.091699,-0.624549,-0.968545
-0.004661,-0.605949,-1.052717
0.027763,-0.600776,-1.031615
0.033151,-0.604265,-1.148434
0.064926,-0.614725,-1.256811
0.023974,-0.637477,-1.346558
-0.055581,-0.677763,-1.211969
0.136822,-0.668872,-1.274003
0.161379,-0.661467,-1.054703
-0.035187,-0.690425,-1.172624
-0.126706,-0.694836,-1.101215
0.016147,-0.673508,-1.243947
-0.102291,-0.694835,-1.332311
0.010191,-0.676468,-1.257042
0.029111,-0.680331,-1.301185
-0.076328,-0.711232,-1.147816
-0.013593,-0.709940,-0.996615
-0.084045,-0.755544,-1.065569
0.058157,-0.745287,-1.021264
-0.058691,-0.765390,-1.084106
-0.011679,-0.763567,-1.288309
-0.104812,-0.779035,-1.142448
-0.059774,-0.772906,-1.398444
-0.099179,-0.776474,-1.398276
-0.102470,-0.777411,-1.482064
-0.065670,-0.776639,-1.508264
-0.039423,-0.777506,-1.536164
-0.031528,-0.777628,-1.560025
-0.018631,-0.776604,-1.571738
-0.021524,-0.776369,-1.588545
0.001579,-0.776803,-1.595777
0.002364,-0.777637,-1.597128
0.008552,-0.779060,-1.606769
0.020256,-0.779460,-1.611107
0.026203,-0.779312,-1.616796
0.037647,-0.778895,-1.620083
0.038379,-0.779025,-1.619368
0.044518,-0.779546,-1.623462
0.047701,-0.779928,-1.623915
0.047278,-0.780093,-1.627136
0.043205,-0.780423,-1.630421
0.040562,-0.780787,-1.633409
0.038236,-0.780796,-1.635234
0.034274,-0.780371,-1.636186
0.028825,-0.780180,-1.635878
0.027341,-0.779980,-1.638340
0.021243,-0.779694,-1.641445
0.018903,-0.779920,-1.641667
0.001824,-0.779954,-1.634526
0.003737,-0.779086,-1.636366
-0.000935,-0.778791,-1.636466
-0.005960,-0.778591,-1.629726
-0.010538,-0.778366,-1.629968
-0.012881,-0.778366,-1.627901
-0.015963,-0.778470,-1.625673
-0.017185,-0.778609,-1.625447
-0.017526,-0.778626,-1.625085
-0.016782,-0.778574,-1.624722
-0.013940,-0.778513,-1.625178
-0.013275,-0.778626,-1.625810
-0.010742,-0.779008,-1.627218
-0.006102,-0.779095,-1.629847
-0.001930,-0.779173,-1.631930
0.001760,-0.779355,-1.633653
0.002645,-0.779407,-1.635095
0.004005,-0.779459,-1.636721
0.006226,-0.779485,-1.637413
0.007918,-0.779512,-1.637623
0.009138,-0.779598,-1.637293
0.010443,-0.779702,-1.637417
0.012262,-0.779720,-1.636664
0.013391,-0.779563,-1.635753
0.014195,-0.779590,-1.635026
0.013969,-0.779676,-1.634592
0.012385,-0.779859,-1.634159
0.010221,-0.779928,-1.633888
0.008583,-0.779980,-1.634055
0.007154,-0.780015,-1.633914
0.005909,-0.780119,-1.634028
0.004381,-0.780145,-1.634274
0.005765,-0.780085,-1.635718
0.002925,-0.780249,-1.633679
0.002757,-0.780197,-1.632544
0.004008,-0.780171,-1.634139
0.005512,-0.780058,-1.631879
0.006937,-0.780024,-1.634744
0.008060,-0.780128,-1.633496
0.007580,-0.780180,-1.634180
0.006994,-0.780197,-1.635077
0.006282,-0.780223,-1.635019
0.005192,-0.780197,-1.635587
0.004592,-0.780215,-1.635119
0.004180,-0.780162,-1.634515
0.004471,-0.780154,-1.634373
0.004923,-0.780189,-1.633422
0.005171,-0.780249,-1.633475
0.006170,-0.780249,-1.635463
0.007236,-0.780180,-1.633025
0.006098,-0.780354,-1.632939
0.005870,-0.780328,-1.633217
0.006378,-0.780310,-1.634784
0.005568,-0.780319,-1.635430
0.005439,-0.780371,-1.634710
0.004934,-0.780380,-1.635609
0.005020,-0.780319,-1.635822
0.005320,-0.780336,-1.636339
0.005728,-0.780380,-1.635514
0.006023,-0.780362,-1.635161
0.006507,-0.780362,-1.635045
0.006154,-0.780449,-1.634312
0.005535,-0.780510,-1.632726
0.005269,-0.780432,-1.633199
0.005416,-0.780518,-1.634083
0.005601,-0.780571,-1.634752
0.004842,-0.780623,-1.634647
0.004698,-0.780640,-1.634669
0.005366,-0.780579,-1.635219
0.005457,-0.780649,-1.635145
0.006240,-0.780597,-1.634924
0.006438,-0.780579,-1.635120
0.006896,-0.780545,-1.635347
0.007612,-0.780536,-1.635332
0.004878,-0.780649,-1.635588
0.003978,-0.780683,-1.634072
0.005280,-0.780718,-1.634231
0.005341,-0.780831,-1.634654
0.004861,-0.780822,-1.634127
0.004804,-0.780857,-1.634747
0.005433,-0.780840,-1.634041
0.005636,-0.780840,-1.634320
0.006198,-0.780840,-1.634350
0.006517,-0.780840,-1.634020
0.006813,-0.780857,-1.635410
0.006156,-0.781022,-1.633962
0.006062,-0.780996,-1.635446
0.006513,-0.781031,-1.635124
0.005777,-0.781005,-1.635557
0.005950,-0.781014,-1.635364
0.003213,-0.781422,-1.635286
0.005964,-0.780935,-1.633083
0.006120,-0.781100,-1.633380
0.007776,-0.781083,-1.632962
0.006189,-0.781474,-1.634837
0.005271,-0.781543,-1.634162
0.006214,-0.781465,-1.635405
0.004887,-0.781604,-1.636668
0.004704,-0.781613,-1.637119
0.005966,-0.781569,-1.638265
0.006512,-0.781126,-1.635957
0.008039,-0.780970,-1.639774
0.008069,-0.780996,-1.640068
0.008191,-0.781005,-1.639736
0.008174,-0.781005,-1.639416
0.008000,-0.781057,-1.639760
0.005819,-0.780640,-1.636142
0.006204,-0.780606,-1.635625
0.006697,-0.781291,-1.637759
0.004616,-0.781665,-1.639821
0.006719,-0.781483,-1.639221
0.006835,-0.782238,-1.639655
-0.001791,-0.783852,-1.633041
-0.018780,-0.784364,-1.606212
-0.016665,-0.784217,-1.607149
-0.016492,-0.784087,-1.609019
-0.015642,-0.783913,-1.609879
-0.014557,-0.783956,-1.603979
-0.017125,-0.784885,-1.602496
-0.009094,-0.789121,-1.624140
-0.012274,-0.795163,-1.615437
-0.018463,-0.793678,-1.604739
-0.020397,-0.792845,-1.602873
-0.022352,-0.790814,-1.589649
-0.025673,-0.789555,-1.582827
-0.019857,-0.788722,-1.586382
-0.017488,-0.788245,-1.585178
-0.016060,-0.788088,-1.587976
-0.014387,-0.788088,-1.593052
-0.013305,-0.789078,-1.588907
-0.012663,-0.790719,-1.591183
-0.013202,-0.792481,-1.611781
-0.016114,-0.792845,-1.614440
-0.016505,-0.792003,-1.611441
-0.018270,-0.791127,-1.601839
-0.018356,-0.790415,-1.594707
-0.020293,-0.789625,-1.587745
-0.019697,-0.789061,-1.587128
-0.021706,-0.789096,-1.588998
-0.020873,-0.789634,-1.587653
-0.021920,-0.790328,-1.590854
-0.022206,-0.790267,-1.592439
-0.022511,-0.789712,-1.590943
-0.023524,-0.788783,-1.590632
-0.022692,-0.787672,-1.592080
-0.023264,-0.787932,-1.597737
-0.023186,-0.788549,-1.586576
-0.021241,-0.789026,-1.587488
-0.020111,-0.788913,-1.589051
-0.019299,-0.788514,-1.589926
-0.018425,-0.788314,-1.589736
-0.017838,-0.788436,-1.589214
-0.017297,-0.788740,-1.589061
-0.017558,-0.788931,-1.594172
-0.017567,-0.789226,-1.599839
-0.018596,-0.789365,-1.598720
-0.018954,-0.789217,-1.596821
-0.019521,-0.788740,-1.596638
-0.019811,-0.788488,-1.598583
-0.020413,-0.788644,-1.597749
-0.020467,-0.789182,-1.596058
-0.021077,-0.789851,-1.598632
-0.022960,-0.790163,-1.598739
-0.022686,-0.789417,-1.575399
-0.025894,-0.789000,-1.577398
-0.026842,-0.789391,-1.580885
-0.027833,-0.791162,-1.583680
-0.028436,-0.792307,-1.581380
-0.026804,-0.793393,-1.583975
-0.023810,-0.793792,-1.592198
-0.020594,-0.793584,-1.594374
-0.022425,-0.793280,-1.596918
