-0.004553,3.171375,-1.584771
-0.004597,3.171384,-1.585625
-0.004464,3.171366,-1.587557
-0.004386,3.171358,-1.588582
-0.004433,3.171375,-1.589408
-0.004385,3.171392,-1.590730
-0.004321,3.171366,-1.591946
-0.004353,3.171392,-1.593531
-0.004418,3.171375,-1.594325
-0.004305,3.171366,-1.595151
-0.004236,3.171358,-1.598088
-0.003968,3.171418,-1.600788
-0.003818,3.171453,-1.602590
-0.003741,3.171427,-1.604436
-0.003414,3.171384,-1.605776
-0.003467,3.171410,-1.606885
-0.003230,3.171419,-1.608103
-0.003240,3.171436,-1.608943
-0.003352,3.171436,-1.609319
-0.003379,3.171453,-1.610039
-0.003421,3.171393,-1.609971
-0.003438,3.171462,-1.610279
-0.003367,3.171445,-1.610621
-0.003351,3.171445,-1.610545
-0.003101,3.171427,-1.610636
-0.003066,3.171392,-1.610684
-0.002997,3.171401,-1.611010
-0.002966,3.171392,-1.610752
-0.002935,3.171418,-1.611124
-0.002941,3.171418,-1.611056
-0.003026,3.171401,-1.611202
-0.003050,3.171435,-1.611549
-0.003111,3.171418,-1.611598
-0.003203,3.171470,-1.611710
-0.003053,3.171453,-1.611684
-0.002990,3.171444,-1.611896
-0.003120,3.171444,-1.611687
-0.003008,3.171470,-1.611738
-0.002813,3.171479,-1.611583
-0.003050,3.171461,-1.611347
-0.003034,3.171470,-1.611335
-0.003295,3.171435,-1.611245
-0.003464,3.171426,-1.610998
-0.003295,3.171391,-1.611175
-0.003314,3.171452,-1.611156
-0.003305,3.171522,-1.611154
-0.003111,3.171556,-1.611298
-0.002971,3.171582,-1.611334
-0.002776,3.171573,-1.611145
-0.002738,3.171573,-1.611246
-0.002801,3.171547,-1.611157
-0.003031,3.171564,-1.611096
-0.003081,3.171573,-1.610771
-0.003045,3.171590,-1.610916
-0.003250,3.171608,-1.610858
-0.003137,3.171634,-1.610805
-0.003194,3.171573,-1.611038
-0.003279,3.171565,-1.610723
-0.003121,3.171556,-1.610842
-0.002973,3.171573,-1.610682
-0.003130,3.171625,-1.610434
-0.003202,3.171660,-1.610346
-0.003333,3.171703,-1.610409
-0.003405,3.171695,-1.610688
-0.003488,3.171669,-1.610956
-0.003585,3.171634,-1.610751
-0.003483,3.171634,-1.610753
-0.003335,3.171617,-1.610661
-0.003226,3.171591,-1.610416
-0.003159,3.171669,-1.610390
-0.003126,3.171625,-1.610145
-0.003129,3.171617,-1.610217
-0.002984,3.171582,-1.610312
-0.003138,3.171634,-1.610207
-0.003280,3.171617,-1.610033
-0.003410,3.171626,-1.610049
-0.003244,3.171617,-1.610353
-0.003205,3.171600,-1.610417
-0.003227,3.171634,-1.610387
-0.003335,3.171599,-1.610425
-0.003150,3.171564,-1.610300
-0.003079,3.171556,-1.610643
-0.003354,3.171547,-1.610077
-0.003063,3.171504,-1.610402
-0.003329,3.171495,-1.610109
-0.003246,3.171487,-1.610238
-0.003343,3.171495,-1.609963
-0.003330,3.171469,-1.610069
-0.003336,3.171417,-1.610250
-0.003360,3.171435,-1.610372
-0.003222,3.171409,-1.610422
-0.003176,3.171400,-1.610251
-0.003222,3.171452,-1.610390
-0.003210,3.171461,-1.610108
-0.003260,3.171530,-1.610113
-0.003295,3.171513,-1.609965
-0.003306,3.171453,-1.610008
-0.003312,3.171409,-1.610146
-0.003262,3.171331,-1.610546
-0.003185,3.171348,-1.610508
-0.003065,3.171348,-1.610521
-0.003203,3.171409,-1.609848
-0.003279,3.171391,-1.610093
-0.003210,3.171374,-1.610108
-0.003292,3.171357,-1.610065
-0.003154,3.171357,-1.609760
-0.003045,3.171356,-1.610208
-0.003081,3.171374,-1.609993
-0.003133,3.171400,-1.610050
-0.003096,3.171426,-1.610178
-0.003308,3.171383,-1.610233
-0.003213,3.171322,-1.610211
-0.003370,3.171305,-1.610304
-0.003371,3.171305,-1.610219
-0.003264,3.171288,-1.610040
-0.003256,3.171296,-1.609984
-0.003018,3.171279,-1.610106
-0.003225,3.171236,-1.609798
-0.002829,3.171184,-1.609429
-0.002886,3.171227,-1.609516
-0.002681,3.171236,-1.608724
-0.003055,3.171106,-1.608637
-0.003246,3.171175,-1.608644
-0.003562,3.171279,-1.608556
-0.003691,3.171149,-1.609359
-0.003653,3.171053,-1.609750
-0.003349,3.171105,-1.610163
-0.003017,3.171149,-1.610430
-0.002783,3.171201,-1.610357
-0.002493,3.171218,-1.610713
-0.002396,3.171261,-1.610502
-0.002342,3.171218,-1.610513
-0.002581,3.171183,-1.610218
-0.002741,3.171175,-1.609565
-0.002983,3.171192,-1.609352
-0.003292,3.171270,-1.608925
-0.003302,3.171322,-1.608803
-0.003510,3.171313,-1.608661
-0.003195,3.171269,-1.608798
-0.002950,3.171261,-1.609095
-0.002694,3.171295,-1.609398
-0.002584,3.171338,-1.609910
-0.002484,3.171382,-1.610390
-0.002574,3.171399,-1.610443
-0.002828,3.171416,-1.610289
-0.002960,3.171425,-1.610268
-0.003017,3.171390,-1.609927
-0.003177,3.171381,-1.609733
-0.003201,3.171416,-1.609591
-0.003025,3.171433,-1.609056
-0.002964,3.171399,-1.608868
-0.002718,3.171390,-1.609105
-0.002559,3.171451,-1.609120
-0.002515,3.171416,-1.608983
-0.002674,3.171416,-1.609081
-0.002779,3.171399,-1.609372
-0.002958,3.171373,-1.609568
-0.003044,3.171399,-1.609721
-0.003301,3.171425,-1.609926
-0.003257,3.171451,-1.610378
-0.003303,3.171469,-1.610061
-0.003028,3.171469,-1.610236
-0.002807,3.171495,-1.610207
-0.002636,3.171529,-1.609871
-0.002450,3.171503,-1.609612
-0.002541,3.171512,-1.609131
-0.002901,3.171547,-1.609409
-0.002933,3.171495,-1.609370
-0.003244,3.171461,-1.608936
-0.003327,3.171469,-1.609199
-0.003385,3.171452,-1.609216
-0.003326,3.171478,-1.609303
-0.003164,3.171487,-1.609562
-0.002928,3.171539,-1.609760
-0.002812,3.171530,-1.609859
-0.002738,3.171521,-1.610025
-0.002650,3.171530,-1.610057
-0.002893,3.171452,-1.609895
-0.002868,3.171382,-1.609950
-0.003051,3.171391,-1.609662
-0.003116,3.171443,-1.609562
-0.003216,3.171382,-1.609457
-0.003239,3.171356,-1.609206
-0.003170,3.171365,-1.609178
-0.003010,3.171416,-1.609258
-0.002851,3.171468,-1.609357
-0.002781,3.171477,-1.609486
-0.002689,3.171442,-1.609713
-0.002976,3.171390,-1.609648
-0.003135,3.171381,-1.609548
-0.003102,3.171321,-1.609869
-0.003342,3.171355,-1.609811
-0.003311,3.171364,-1.609894
-0.003428,3.171346,-1.609783
-0.003190,3.171399,-1.609750
-0.002861,3.171373,-1.609782
-0.002795,3.171329,-1.609314
-0.002638,3.171390,-1.609057
-0.002689,3.171373,-1.609326
-0.002688,3.171408,-1.609355
-0.002692,3.171417,-1.609614
-0.002884,3.171399,-1.609603
-0.002982,3.171399,-1.609818
-0.003026,3.171399,-1.609785
-0.003052,3.171407,-1.609807
-0.003020,3.171381,-1.609683
-0.002959,3.171372,-1.609802
-0.002841,3.171399,-1.609752
-0.002695,3.171485,-1.609834
-0.002612,3.171494,-1.609776
-0.002536,3.171529,-1.609635
-0.002748,3.171494,-1.609627
-0.002828,3.171486,-1.609541
-0.002980,3.171469,-1.609518
-0.003098,3.171521,-1.609868
-0.003277,3.171486,-1.609444
-0.003259,3.171469,-1.609800
-0.003081,3.171469,-1.609893
-0.003055,3.171495,-1.609849
-0.003018,3.171538,-1.609611
-0.002966,3.171539,-1.609718
-0.002622,3.171521,-1.610193
-0.002749,3.171599,-1.609744
-0.003096,3.171582,-1.609596
-0.003155,3.171539,-1.609518
-0.003270,3.171521,-1.609416
-0.003158,3.171539,-1.609400
-0.003173,3.171452,-1.609580
-0.003065,3.171426,-1.609643
-0.002909,3.171426,-1.609733
-0.002806,3.171426,-1.609613
-0.002693,3.171469,-1.609694
-0.002665,3.171513,-1.609805
-0.002820,3.171521,-1.609673
-0.002878,3.171478,-1.609697
-0.002978,3.171426,-1.609906
-0.003202,3.171496,-1.609826
-0.003118,3.171530,-1.609987
-0.003361,3.171521,-1.609471
-0.003230,3.171530,-1.609446
-0.002912,3.171565,-1.609488
-0.002896,3.171530,-1.609288
-0.002676,3.171469,-1.609423
-0.002744,3.171504,-1.609360
-0.002887,3.171504,-1.609440
-0.003018,3.171452,-1.609417
-0.003105,3.171461,-1.609615
-0.003196,3.171426,-1.609580
-0.003231,3.171426,-1.609971
-0.003129,3.171452,-1.609798
-0.003167,3.171461,-1.609695
-0.003038,3.171409,-1.609908
-0.002846,3.171443,-1.609654
-0.002808,3.171443,-1.609854
-0.002801,3.171495,-1.609719
-0.002835,3.171460,-1.609767
-0.002911,3.171452,-1.609372
-0.002981,3.171460,-1.609521
-0.003085,3.171434,-1.609460
-0.003145,3.171478,-1.609541
-0.003132,3.171478,-1.609580
-0.003062,3.171478,-1.609430
-0.002912,3.171452,-1.609527
-0.002716,3.171426,-1.609489
-0.002576,3.171460,-1.609643
-0.002501,3.171459,-1.609540
-0.002507,3.171468,-1.609506
-0.002646,3.171494,-1.609251
-0.002671,3.171529,-1.609595
-0.002819,3.171520,-1.609504
-0.002959,3.171503,-1.609610
-0.002993,3.171512,-1.609526
-0.003036,3.171546,-1.609452
-0.002976,3.171546,-1.609598
-0.003002,3.171546,-1.609676
-0.002955,3.171511,-1.609766
-0.003051,3.171563,-1.609236
-0.002790,3.171520,-1.609765
-0.002881,3.171528,-1.610163
-0.003233,3.171536,-1.609584
-0.003212,3.171527,-1.609922
-0.003408,3.171501,-1.609892
-0.003466,3.171518,-1.609846
-0.003340,3.171527,-1.609583
-0.003480,3.171535,-1.609631
-0.003232,3.171527,-1.609603
-0.003267,3.171518,-1.609571
-0.003078,3.171474,-1.609598
-0.003053,3.171423,-1.609727
-0.002997,3.171406,-1.609745
-0.003082,3.171414,-1.610017
-0.003299,3.171345,-1.610587
-0.003346,3.171258,-1.610381
-0.003345,3.171293,-1.610481
-0.003220,3.171362,-1.610038
-0.003123,3.171413,-1.609055
-0.002737,3.171414,-1.608359
-0.002625,3.171362,-1.607878
-0.002817,3.171379,-1.607682
-0.003128,3.171396,-1.608218
-0.003579,3.171318,-1.608592
-0.003726,3.171266,-1.609436
-0.003804,3.171275,-1.610118
-0.003753,3.171292,-1.610866
-0.003413,3.171275,-1.611334
-0.002915,3.171344,-1.611497
-0.002670,3.171327,-1.611165
-0.002575,3.171283,-1.610460
-0.002719,3.171258,-1.609889
-0.003101,3.171171,-1.609381
-0.003465,3.171180,-1.608661
-0.003867,3.171163,-1.608247
-0.003814,3.171197,-1.608424
-0.003461,3.171171,-1.608784
-0.002932,3.171145,-1.609382
-0.002653,3.171137,-1.609873
-0.002458,3.171119,-1.610028
-0.002304,3.171050,-1.610470
-0.002394,3.171007,-1.610414
-0.002574,3.170973,-1.610593
-0.002937,3.170895,-1.610392
-0.003126,3.170869,-1.610250
-0.003192,3.170886,-1.609839
-0.003189,3.170912,-1.609526
-0.003016,3.170860,-1.609155
-0.002661,3.170886,-1.608956
-0.002649,3.170869,-1.608642
-0.002424,3.170799,-1.608622
-0.002372,3.170860,-1.608864
-0.002466,3.170860,-1.609215
-0.002579,3.170894,-1.609485
-0.002729,3.170868,-1.609780
-0.002987,3.170825,-1.610279
-0.009200,3.170729,-1.611489
-0.005373,3.169488,-1.610954
-0.009458,3.168586,-1.604432
-0.010020,3.168907,-1.601771
-0.009231,3.169184,-1.599535
-0.009952,3.169375,-1.601869
-0.011388,3.168924,-1.596002
0.012880,3.171779,-1.512784
-0.038413,3.173913,-1.283710
0.006060,3.174165,-1.274983
0.010995,3.195534,-1.166008
-0.018747,3.234481,-1.091698
-0.027950,3.241746,-1.046763
-0.033442,3.208806,-1.124789
-0.037602,3.165977,-1.195599
-0.068397,3.148036,-1.210669
-0.017133,3.143341,-1.073005
-0.002568,3.139202,-1.109670
-0.032431,3.111113,-1.066207
-0.042340,3.090914,-1.092538
-0.050356,3.082095,-1.151890
-0.031211,3.088857,-1.190727
-0.025383,3.120955,-1.234682
0.007802,3.150328,-1.206610
-0.017100,3.169528,-1.163308
-0.006466,3.172722,-1.159284
0.016416,3.191263,-1.145269
0.040148,3.206973,-1.157073
0.004393,3.205194,-1.148536
0.004429,3.183537,-1.163844
0.007057,3.144590,-1.245647
0.010614,3.126493,-1.166276
0.003830,3.119011,-1.143796
0.014004,3.106147,-1.133131
0.003615,3.078162,-1.101890
-0.002451,3.061220,-1.145622
-0.023826,3.059432,-1.121713
-0.040083,3.091680,-1.216835
-0.026686,3.130869,-1.264698
-0.063817,3.153679,-1.270212
-0.029702,3.161934,-1.192858
-0.012879,3.187401,-1.212940
0.010201,3.195716,-1.240519
-0.003906,3.189188,-1.273500
-0.003597,3.170874,-1.307931
-0.007781,3.126051,-1.318676
-0.009651,3.117041,-1.336760
-0.021105,3.101495,-1.201766
-0.007474,3.078207,-1.166892
-0.009396,3.053461,-1.083619
-0.013781,3.033158,-1.090460
-0.013735,3.028427,-1.072762
-0.039185,3.039729,-1.099454
-0.031200,3.082955,-1.211444
-0.026935,3.115495,-1.137318
-0.046712,3.145900,-1.113572
-0.067041,3.154528,-1.090915
-0.048160,3.178824,-1.117492
-0.028633,3.191081,-1.089366
-0.025767,3.195786,-1.141952
-0.024247,3.183165,-1.164752
-0.019809,3.149201,-1.213938
-0.012689,3.119819,-1.247340
0.000652,3.100480,-1.179644
0.015477,3.088892,-1.155574
-0.022214,3.053018,-1.105914
-0.019226,3.035650,-1.112957
-0.003615,3.033080,-1.133048
-0.049133,3.055701,-1.128704
-0.051247,3.089231,-1.181026
-0.050009,3.128013,-1.204152
-0.032383,3.145305,-1.097827
-0.023936,3.157282,-1.102400
-0.005077,3.176327,-1.076143
-0.017239,3.184617,-1.164499
0.010814,3.184122,-1.096755
0.001842,3.164905,-1.117359
-0.003631,3.137701,-1.196781
0.008903,3.108728,-1.151054
0.029187,3.093747,-1.142912
0.049748,3.086195,-1.139425
0.015472,3.052162,-1.088824
-0.005963,3.035071,-1.032981
0.001727,3.030228,-1.080135
0.011452,3.042095,-1.132802
-0.013888,3.076675,-1.214343
0.010389,3.108522,-1.102752
0.003239,3.131524,-1.075830
-0.023907,3.138798,-1.074273
0.007861,3.160550,-1.151074
0.023102,3.174924,-1.180450
0.033038,3.172563,-1.214702
0.022748,3.153728,-1.246914
0.013385,3.113227,-1.302419
0.009620,3.099200,-1.285816
0.005488,3.083872,-1.168151
-0.006116,3.065669,-1.093787
-0.018174,3.038605,-1.042061
-0.011224,3.017226,-1.062666
-0.024093,3.018084,-1.046454
-0.007943,3.047121,-1.181111
-0.002946,3.089669,-1.281647
-0.014668,3.116143,-1.246982
-0.046182,3.133886,-1.154110
-0.020330,3.144953,-1.116308
-0.010597,3.164751,-1.157449
0.022946,3.167747,-1.181333
0.009444,3.150717,-1.146802
0.010002,3.118774,-1.217653
0.005967,3.085131,-1.225861
0.041647,3.062372,-1.134297
0.009562,3.025778,-1.174883
0.000810,3.011247,-1.140259
-0.019209,2.995381,-1.087118
-0.044182,3.004746,-1.095678
-0.020890,3.040431,-1.195171
-0.006713,3.071132,-1.135658
-0.033453,3.098665,-1.133660
-0.044124,3.106303,-1.082543
0.018255,3.116146,-1.045696
0.013619,3.133888,-1.066089
0.024363,3.136953,-1.115628
0.010121,3.117753,-1.088724
0.012680,3.090740,-1.143672
0.002230,3.055794,-1.159269
0.006050,3.040344,-1.032991
0.010609,3.029799,-1.049247
-0.014386,3.005877,-1.053283
-0.035191,2.973465,-0.985196
-0.051411,2.982779,-1.098118
-0.019472,3.018948,-1.228703
-0.003278,3.047653,-1.201299
-0.003773,3.074369,-1.134643
-0.031173,3.084916,-1.099887
-0.034838,3.109237,-1.091679
-0.032850,3.126347,-1.122438
-0.015005,3.124801,-1.150024
-0.012068,3.094620,-1.158048
-0.013131,3.059423,-1.183380
-0.001685,3.035284,-1.123953
0.004301,3.021656,-1.070241
-0.026087,2.987204,-1.038131
-0.042355,2.969410,-1.089581
-0.027239,2.969219,-1.133452
-0.047724,2.992307,-1.125523
-0.041739,3.024520,-1.147736
-0.026075,3.056279,-1.117597
-0.009878,3.086547,-1.088702
-0.042538,3.098317,-0.966498
-0.037618,3.125720,-1.049273
-0.022250,3.152592,-1.064945
-0.010460,3.159414,-1.133762
-0.010394,3.139893,-1.217102
-0.007550,3.096901,-1.223968
0.034447,3.064829,-1.136706
-0.000262,3.021845,-1.006835
-0.009783,3.003201,-1.051644
-0.012059,3.011387,-1.030380
0.002162,3.047921,-1.137341
-0.004415,3.089265,-1.113067
-0.008305,3.115877,-1.140479
-0.014018,3.137941,-0.944172
-0.020562,3.157123,-0.993731
0.008577,3.189351,-0.976981
-0.011101,3.209568,-1.005156
0.010624,3.207884,-1.024559
0.006089,3.175916,-1.018454
-0.002905,3.144025,-1.072761
0.012799,3.125571,-1.036799
0.024485,3.114547,-0.986488
-0.027346,3.085721,-0.999387
-0.037620,3.071625,-0.959726
-0.028874,3.076572,-1.039262
-0.053959,3.102820,-1.028401
-0.018049,3.144206,-1.064739
-0.053364,3.188892,-0.999639
-0.070896,3.213223,-0.938893
-0.043957,3.239375,-0.939308
-0.054859,3.284511,-0.907605
-0.052452,3.302895,-0.965044
-0.015540,3.296593,-0.958110
-0.021203,3.258688,-1.040118
-0.024130,3.238021,-1.058195
-0.016678,3.219801,-1.001449
-0.009767,3.195090,-0.972307
-0.031959,3.163920,-1.039513
-0.030479,3.150440,-1.036204
-0.051618,3.155249,-1.030234
-0.046424,3.187643,-1.114908
-0.028446,3.240938,-1.169378
-0.007311,3.280102,-1.066023
-0.029279,3.292271,-0.976576
-0.031292,3.325445,-0.891721
-0.031889,3.353975,-0.935934
-0.024760,3.374973,-1.016826
-0.016920,3.367239,-1.004743
-0.040671,3.333647,-1.011312
-0.037328,3.306436,-0.923406
-0.043953,3.288694,-0.921651
-0.028509,3.254807,-0.924093
-0.053866,3.225477,-0.919287
-0.037625,3.216346,-1.013865
-0.044237,3.225416,-0.983087
-0.044093,3.252325,-1.045771
-0.036832,3.289102,-1.020217
-0.057870,3.316923,-1.028112
-0.040440,3.327322,-1.018221
-0.015665,3.348900,-0.879166
-0.021513,3.382847,-0.896508
0.001120,3.410632,-0.846550
-0.021974,3.406101,-0.847525
-0.022187,3.383689,-0.903037
-0.022399,3.348466,-0.899492
0.004493,3.333719,-0.934217
0.015919,3.314935,-0.890054
-0.024845,3.293452,-0.880750
-0.024864,3.276986,-0.917215
-0.044718,3.268279,-0.970076
-0.033605,3.279527,-1.013887
-0.037309,3.318518,-1.123236
-0.041544,3.359019,-1.114515
-0.022367,3.370911,-0.995752
-0.048865,3.386595,-0.988766
-0.032993,3.421905,-0.903209
-0.026371,3.449499,-0.889985
-0.046071,3.458328,-1.006813
-0.026203,3.439041,-1.009048
-0.017298,3.404710,-1.002906
0.023687,3.385588,-1.084456
0.027513,3.369253,-1.040935
0.007609,3.342526,-1.023789
-0.003966,3.319569,-1.025768
-0.012517,3.313622,-1.052535
-0.024184,3.321998,-1.120098
-0.030054,3.345347,-1.156881
-0.024204,3.385014,-1.089720
-0.058133,3.403590,-1.054033
-0.050222,3.421236,-0.948243
-0.024181,3.444342,-0.920422
-0.008479,3.481535,-0.964012
-0.023001,3.502160,-0.922908
-0.003039,3.499478,-1.022372
-0.008615,3.471111,-1.035701
-0.014243,3.450818,-1.057604
-0.028138,3.437954,-1.024337
0.013152,3.419883,-1.014116
-0.032520,3.387776,-1.002228
-0.033718,3.372047,-1.043061
-0.008748,3.374305,-1.110959
-0.041592,3.394217,-1.072411
-0.024216,3.440568,-1.127954
-0.047083,3.462781,-1.019966
-0.011403,3.470055,-0.942436
-0.034261,3.481373,-0.879719
-0.028729,3.523956,-0.861542
-0.006269,3.546230,-0.957399
0.006097,3.528557,-0.916035
-0.002175,3.487293,-1.085752
0.000722,3.475166,-1.019038
-0.014960,3.466609,-0.967540
0.022630,3.455359,-1.033272
-0.017191,3.425621,-1.043219
0.003999,3.412445,-1.099606
0.000880,3.414624,-1.126466
-0.020213,3.427011,-1.137578
-0.004295,3.471226,-1.223708
0.004067,3.499115,-1.215824
-0.024142,3.520390,-1.150113
-0.035929,3.529470,-1.016705
-0.007091,3.554050,-1.014758
-0.004874,3.583657,-1.019058
0.000623,3.609480,-0.867334
0.009471,3.612449,-0.994272
0.013943,3.589412,-1.007621
-0.019605,3.563789,-0.964802
-0.016503,3.549024,-0.994321
0.003207,3.533816,-0.978762
-0.010630,3.506752,-0.962662
0.005226,3.498255,-0.980609
0.003430,3.504948,-1.034642
-0.045714,3.541836,-1.081680
-0.040436,3.591625,-1.095218
-0.067013,3.624696,-1.083869
-0.079746,3.647428,-1.029595
-0.062496,3.670265,-1.002346
-0.061157,3.705330,-0.941009
-0.024720,3.739383,-0.918970
-0.016604,3.743263,-1.020827
-0.016795,3.712727,-1.107000
-0.028768,3.697138,-1.017868
-0.003504,3.681975,-1.079655
-0.016760,3.654712,-1.023140
-0.023071,3.631986,-1.048835
-0.026248,3.633584,-1.054093
-0.027195,3.658929,-1.042701
-0.039856,3.710558,-1.078049
-0.026470,3.757552,-1.084539
-0.040441,3.787359,-1.065984
-0.064371,3.795996,-0.921964
-0.025265,3.820441,-0.914416
-0.023265,3.860549,-0.942700
-0.022596,3.878256,-0.961253
-0.015469,3.881294,-0.985697
-0.000832,3.854639,-1.011434
-0.015603,3.838953,-1.042971
0.006214,3.827852,-1.071564
0.017887,3.807610,-0.992134
-0.002217,3.789043,-0.942372
-0.013229,3.779998,-0.968217
-0.001056,3.786934,-0.989581
-0.031056,3.824206,-1.031660
-0.027207,3.890182,-1.164292
-0.047727,3.925788,-1.101591
-0.033464,3.937384,-1.099153
-0.032511,3.956115,-0.982389
-0.023313,3.993934,-0.931817
-0.015361,4.025043,-0.957729
-0.029353,4.041440,-0.966504
-0.025297,4.039651,-0.987199
-0.019543,4.021128,-1.047280
-0.012361,4.000096,-1.087376
-0.010594,3.981523,-0.961087
-0.007553,3.957643,-1.004148
-0.021279,3.934329,-1.011672
-0.015528,3.926379,-1.083661
-0.031878,3.925362,-1.049615
-0.041810,3.949814,-1.071428
-0.038403,3.991531,-1.138336
-0.040736,4.041015,-1.111245
-0.014095,4.073895,-0.944656
-0.028896,4.088816,-0.970638
-0.001488,4.138232,-0.894044
-0.020461,4.170842,-0.860007
-0.035199,4.184920,-0.921656
-0.026318,4.169150,-0.952194
-0.021639,4.144290,-1.014126
-0.010693,4.131547,-0.995146
-0.002570,4.111185,-0.981022
-0.042476,4.078731,-1.036383
-0.018712,4.060442,-1.082283
-0.029765,4.057273,-1.017241
-0.014335,4.087019,-1.059315
-0.015986,4.131644,-1.069398
-0.007198,4.171355,-1.012294
-0.014154,4.199930,-0.965374
-0.014104,4.211639,-0.905941
-0.000240,4.246464,-0.888364
-0.007455,4.286098,-0.868506
-0.000152,4.299534,-0.829324
-0.002520,4.281289,-0.911303
-0.010487,4.254476,-0.950322
0.023353,4.240996,-0.980793
0.024334,4.231718,-0.965759
-0.009454,4.199646,-0.929573
-0.004253,4.186661,-0.992516
-0.013399,4.187390,-0.948690
-0.005635,4.221407,-1.049280
-0.020091,4.279328,-1.007951
-0.008025,4.302937,-0.988074
-0.054940,4.328484,-1.065611
-0.070229,4.339741,-1.005261
-0.060096,4.367639,-0.967071
-0.038892,4.406403,-0.974109
-0.024568,4.432400,-0.942147
-0.046484,4.440707,-0.968949
-0.039085,4.416881,-1.036629
-0.061738,4.394650,-1.020585
-0.046558,4.373984,-1.014578
-0.020690,4.344862,-1.018746
-0.033502,4.311036,-1.018780
-0.042190,4.308425,-1.023663
-0.050391,4.324605,-1.063351
-0.053052,4.372900,-1.108031
-0.060608,4.408391,-1.136896
-0.085968,4.448310,-1.089250
-0.091712,4.459759,-1.007828
-0.053674,4.484809,-1.005762
-0.062052,4.529276,-0.974037
-0.035114,4.550350,-0.952503
-0.028583,4.555237,-1.055060
-0.022491,4.532348,-1.118405
-0.057106,4.513191,-1.058466
-0.044129,4.492681,-0.994952
-0.021394,4.466519,-1.033020
-0.024938,4.441781,-1.031844
-0.029754,4.430279,-1.020949
-0.042752,4.432406,-1.032853
-0.045370,4.461553,-1.053220
-0.047687,4.512521,-1.084580
-0.038414,4.535184,-1.007037
-0.055229,4.561675,-0.964006
-0.065403,4.572890,-1.021374
-0.045845,4.601905,-0.999906
-0.034415,4.630203,-0.958318
-0.051896,4.653065,-0.972725
-0.018489,4.644471,-0.994064
-0.025062,4.607625,-1.041117
0.015138,4.589475,-1.035981
-0.016602,4.579424,-0.974706
-0.029839,4.552838,-0.905404
-0.046776,4.529514,-0.951505
-0.056116,4.528214,-0.974200
-0.062748,4.547188,-0.995818
-0.057407,4.590519,-1.112838
-0.050942,4.630976,-1.055867
-0.043901,4.661495,-0.956129
-0.061695,4.670974,-0.956553
-0.020484,4.712959,-0.960931
-0.033126,4.747211,-0.973482
-0.035074,4.760647,-0.951648
-0.035902,4.747210,-0.975642
-0.034003,4.711875,-0.994375
-0.004702,4.694048,-1.014682
0.011076,4.670300,-0.970454
-0.033723,4.642289,-0.983949
-0.040325,4.632229,-1.032273
-0.046145,4.654138,-1.074952
-0.045384,4.693995,-1.145998
-0.030017,4.737005,-1.045613
-0.034541,4.763124,-1.024792
-0.039754,4.775127,-0.949090
-0.027620,4.812068,-0.889660
-0.038686,4.837805,-0.835354
-0.028380,4.858759,-0.837267
-0.021921,4.846703,-0.925080
-0.025273,4.813153,-1.029980
-0.015984,4.793198,-1.046163
-0.013959,4.776168,-1.000779
-0.014202,4.748130,-0.925714
-0.036099,4.723125,-0.938521
-0.028202,4.717605,-1.021987
-0.036071,4.729418,-1.035846
-0.034708,4.762515,-1.052810
-0.003874,4.810454,-1.131992
-0.021966,4.836876,-0.996572
-0.034886,4.842927,-0.996451
-0.006971,4.878627,-0.980834
-0.001896,4.908858,-0.980792
-0.012823,4.934420,-0.895257
0.004511,4.931277,-0.897578
0.002846,4.899171,-0.907905
-0.011333,4.878737,-0.918388
-0.023946,4.862202,-0.922748
0.008796,4.849616,-0.969539
-0.016145,4.819314,-0.978643
-0.030231,4.809359,-0.919390
-0.032637,4.810809,-0.964769
-0.034664,4.836380,-1.033671
-0.051638,4.879744,-1.062493
-0.030691,4.907476,-1.007360
-0.032324,4.932091,-0.966770
-0.047071,4.941015,-0.949470
-0.025189,4.971993,-0.939299
-0.008946,4.990386,-0.905199
-0.010020,4.987002,-0.953611
-0.018670,4.955919,-1.013742
-0.010599,4.912259,-1.022918
-0.020391,4.898683,-0.989687
-0.004777,4.884379,-1.032895
-0.027891,4.851837,-1.046216
-0.020686,4.824268,-1.050288
-0.015855,4.810693,-1.049693
-0.030224,4.821317,-1.098715
-0.052572,4.864586,-1.261784
-0.042863,4.888283,-1.268508
-0.069795,4.909341,-1.167777
-0.014559,4.929070,-1.159575
-0.024643,4.938964,-1.173445
-0.023733,4.934504,-1.171609
-0.031110,4.909827,-1.204891
-0.033325,4.867043,-1.270552
-0.041311,4.843834,-1.237441
-0.058796,4.828046,-1.132861
-0.039794,4.806494,-1.091168
-0.047197,4.769743,-1.038432
-0.061318,4.751124,-0.994523
-0.065460,4.754900,-1.050176
-0.072302,4.782894,-1.089093
-0.080292,4.819966,-1.066585
-0.085790,4.844678,-1.107361
-0.081791,4.852014,-1.085385
-0.041959,4.859626,-1.025351
-0.045584,4.878784,-1.015323
-0.046210,4.883454,-1.093914
-0.052727,4.873559,-1.091791
-0.052342,4.854541,-1.146225
-0.041553,4.815420,-1.213866
-0.034731,4.800787,-1.119534
-0.030427,4.791464,-1.126603
-0.051070,4.765025,-1.144565
-0.051825,4.738813,-1.069974
-0.049040,4.731496,-1.061044
-0.043713,4.748881,-1.135688
-0.076244,4.804564,-1.164725
-0.054527,4.827358,-1.176042
-0.051136,4.845673,-1.078903
-0.051796,4.853458,-1.030271
-0.044885,4.873761,-0.998680
-0.039548,4.880340,-1.055052
-0.039370,4.871243,-1.106559
-0.044996,4.854013,-1.194660
-0.025618,4.816490,-1.242072
0.019556,4.795188,-1.122638
0.029028,4.783358,-1.135941
0.001340,4.757718,-1.111910
-0.010503,4.728491,-1.041469
-0.003521,4.726227,-1.083069
-0.016612,4.745115,-1.149398
-0.037785,4.794338,-1.232751
-0.032691,4.820707,-1.239885
-0.046170,4.836826,-1.088682
-0.049567,4.849048,-1.046757
-0.012247,4.870409,-1.124107
-0.000904,4.878915,-1.123031
-0.027379,4.865026,-1.147287
-0.023060,4.833162,-1.212314
-0.020235,4.800160,-1.194825
-0.026088,4.779425,-1.112564
-0.017085,4.758117,-1.061204
-0.033087,4.729706,-1.093174
-0.045323,4.705655,-1.083412
-0.044764,4.710447,-1.034978
-0.046115,4.735775,-1.132047
-0.042210,4.786726,-1.184243
-0.046377,4.819901,-1.134830
-0.060706,4.830663,-1.091044
-0.027714,4.856963,-1.172783
-0.039028,4.874887,-1.186907
-0.030187,4.876805,-1.160522
-0.040674,4.848448,-1.236028
-0.033888,4.812791,-1.287420
-0.003821,4.789381,-1.232746
-0.010187,4.774521,-1.121133
-0.043558,4.747908,-1.069206
-0.039263,4.727926,-1.073737
-0.049907,4.720627,-1.042914
-0.039934,4.735279,-1.130592
-0.052003,4.763583,-1.142579
-0.044677,4.804943,-1.090366
-0.053128,4.842839,-1.065291
-0.037111,4.858873,-1.047205
-0.016471,4.874080,-1.008203
-0.016342,4.898123,-1.032495
-0.009660,4.907854,-1.051939
-0.033040,4.882239,-1.133137
-0.035112,4.844186,-1.190250
-0.009817,4.818727,-1.068149
-0.004595,4.800656,-1.041307
-0.039563,4.769288,-0.961354
-0.053420,4.746311,-0.917908
-0.035299,4.733959,-1.032955
-0.058881,4.744445,-1.045804
-0.061559,4.783280,-1.092476
-0.037199,4.822514,-1.003292
-0.033582,4.850611,-0.930669
-0.038344,4.863006,-0.984646
-0.003105,4.888655,-1.069161
-0.015387,4.897396,-1.065377
-0.010664,4.892032,-1.104442
-0.027893,4.862251,-1.148357
-0.018965,4.821933,-1.181076
-0.002834,4.795832,-1.124587
-0.015219,4.769827,-1.054736
-0.023236,4.741608,-1.053919
-0.027149,4.722824,-1.046082
-0.032810,4.727649,-1.086849
-0.048716,4.767370,-1.073817
-0.019440,4.828321,-1.153195
-0.015994,4.847009,-1.029135
-0.042792,4.852835,-0.992768
-0.020196,4.858971,-1.053150
-0.005744,4.848451,-1.055554
0.015660,4.817012,-1.138720
0.003447,4.770617,-1.171624
-0.010176,4.699563,-1.237417
-0.017428,4.666796,-1.166696
0.013524,4.655433,-1.217903
-0.012951,4.638881,-1.077026
-0.039646,4.609951,-1.085588
-0.037155,4.592113,-1.089859
-0.067472,4.589318,-1.100997
-0.064711,4.622797,-1.181044
-0.044878,4.690135,-1.217743
-0.052143,4.725629,-1.239878
-0.058509,4.735818,-1.145676
-0.042577,4.739976,-1.130338
-0.040031,4.750297,-1.099063
-0.013149,4.769923,-1.071672
-0.008054,4.779982,-1.095185
-0.040802,4.769151,-1.152773
-0.029588,4.740412,-1.228251
-0.016123,4.718198,-1.219779
-0.020311,4.694537,-1.149314
-0.005932,4.667204,-1.116401
-0.024172,4.639853,-1.066415
-0.055374,4.597348,-1.072521
-0.063257,4.589015,-1.121450
-0.069571,4.617190,-1.149154
-0.048996,4.669897,-1.187285
-0.065514,4.702307,-1.095654
-0.077396,4.711185,-1.068004
-0.034117,4.725385,-1.093200
-0.012053,4.749489,-1.095678
-0.022648,4.775043,-1.162014
-0.006394,4.782847,-1.165859
-0.011649,4.760600,-1.280927
-0.027694,4.718266,-1.300020
-0.014353,4.690795,-1.183231
0.025666,4.673122,-1.181585
-0.011548,4.641146,-1.126325
-0.019492,4.602475,-1.140168
-0.030331,4.569916,-1.115031
-0.056989,4.578258,-1.106954
0.005627,4.650189,-1.100814
-0.029127,4.644521,-1.099001
-0.057190,4.627638,-0.967752
-0.026091,4.625712,-0.969637
-0.015455,4.642804,-0.980130
-0.004010,4.643985,-0.998132
-0.031488,4.617581,-0.979093
-0.029073,4.566004,-1.051342
-0.040894,4.528810,-1.052972
-0.021795,4.526109,-1.024767
0.000901,4.509434,-1.088010
-0.019355,4.495625,-1.037016
-0.019130,4.488663,-1.070807
-0.020875,4.483031,-1.115518
-0.057137,4.500079,-1.108994
-0.025868,4.542272,-1.114817
-0.032889,4.579804,-1.081164
-0.044992,4.594960,-0.997395
-0.063786,4.607378,-1.044813
-0.022596,4.640364,-1.069885
-0.028338,4.667835,-1.109201
-0.006851,4.669615,-1.088885
-0.020743,4.641135,-1.079952
-0.011665,4.609229,-1.149414
-0.015488,4.589325,-1.157023
0.003013,4.575515,-1.072927
0.008897,4.561731,-1.091780
-0.018537,4.523756,-1.024615
-0.033096,4.482197,-1.015187
-0.056664,4.453370,-1.020625
-0.053765,4.442884,-1.059651
-0.047697,4.459142,-1.113819
-0.007438,4.477353,-1.126337
-0.002502,4.497898,-1.148192
-0.039944,4.495676,-1.162599
-0.016937,4.497325,-1.197968
0.008579,4.492639,-1.230585
0.018956,4.479983,-1.211745
0.006692,4.442148,-1.207490
-0.019963,4.401230,-1.251445
-0.016504,4.361456,-1.278894
-0.007138,4.347116,-1.159272
-0.036499,4.328497,-1.135724
-0.039130,4.274707,-1.153515
-0.036835,4.243547,-1.165747
-0.057103,4.220294,-1.131880
-0.057679,4.213593,-1.128239
-0.065573,4.232333,-1.197759
-0.074126,4.258173,-1.219662
-0.135110,4.276297,-1.294112
-0.077040,4.287164,-1.264260
-0.038797,4.294871,-1.310830
-0.031810,4.294645,-1.314828
-0.009863,4.284916,-1.349035
-0.007593,4.261861,-1.373620
-0.018763,4.221933,-1.429002
-0.019847,4.176797,-1.430035
0.023387,4.154943,-1.335541
0.005370,4.138588,-1.275840
-0.025920,4.107419,-1.197844
-0.007860,4.077838,-1.221566
-0.008152,4.037492,-1.163894
-0.032185,4.012903,-1.142486
-0.049011,4.021504,-1.189870
-0.053143,4.052449,-1.201967
-0.071656,4.075035,-1.213586
-0.032863,4.090720,-1.201738
-0.038699,4.094408,-1.163236
-0.019169,4.097654,-1.200279
0.004688,4.083280,-1.234959
0.005325,4.058125,-1.275371
-0.012031,4.002401,-1.343678
-0.017574,3.964739,-1.337550
0.005366,3.944201,-1.292051
-0.003682,3.926960,-1.158873
-0.034405,3.895505,-1.099626
-0.037087,3.848162,-1.138703
-0.032623,3.813539,-1.144377
-0.048505,3.801621,-1.170982
-0.041798,3.826428,-1.283240
-0.047938,3.855576,-1.262499
-0.066256,3.871547,-1.338190
-0.024356,3.880383,-1.300654
-0.016024,3.880600,-1.216074
-0.011350,3.883039,-1.224887
0.009186,3.867311,-1.245480
0.001608,3.835472,-1.252432
-0.027647,3.784199,-1.292928
-0.030502,3.748542,-1.317566
0.013811,3.731652,-1.293970
-0.002866,3.723058,-1.297195
-0.051148,3.694352,-1.156687
-0.042443,3.657863,-1.111354
-0.043948,3.618873,-1.106565
-0.062588,3.604421,-1.082020
-0.063861,3.620530,-1.165944
-0.068509,3.647439,-1.172853
-0.046134,3.671473,-1.198893
-0.058382,3.673678,-1.255418
-0.019090,3.680761,-1.270700
-0.004360,3.673990,-1.291533
0.010711,3.651839,-1.333789
-0.010821,3.620590,-1.386879
-0.006354,3.571227,-1.363637
0.048995,3.548434,-1.430770
0.038362,3.537384,-1.358200
0.023683,3.501084,-1.203768
-0.012676,3.468142,-1.100284
-0.015366,3.436566,-1.100326
-0.016068,3.415794,-1.130200
-0.028768,3.424813,-1.154369
-0.041400,3.454916,-1.135593
-0.053217,3.474141,-1.187268
-0.031934,3.485270,-1.130844
-0.013424,3.489011,-1.137527
-0.023189,3.488369,-1.147252
0.001694,3.470166,-1.126500
0.000707,3.436193,-1.194347
-0.013334,3.404735,-1.277962
-0.017902,3.367143,-1.281823
-0.004643,3.334568,-1.244396
-0.007251,3.328761,-1.176395
-0.033882,3.293711,-1.088834
-0.037823,3.239860,-1.048019
-0.025422,3.210833,-1.077273
-0.053890,3.216988,-1.139133
-0.062557,3.245814,-1.156083
-0.045063,3.269302,-1.110019
-0.030118,3.284908,-1.100444
-0.055613,3.282772,-1.124300
-0.038331,3.285828,-1.072753
-0.032314,3.272833,-1.111543
-0.024867,3.236733,-1.124443
-0.046153,3.199349,-1.178900
-0.038611,3.132374,-1.233599
0.004103,3.116315,-1.144293
0.024121,3.108415,-1.115878
-0.032883,3.081950,-1.123699
-0.050605,3.076030,-1.118903
-0.009640,3.085708,-1.103076
-0.029761,3.093616,-1.144036
-0.064940,3.129994,-1.210708
-0.041851,3.163708,-1.192905
-0.046174,3.184540,-1.220251
-0.071355,3.188879,-1.217562
-0.064656,3.209546,-1.205821
-0.043190,3.222948,-1.271473
-0.030750,3.224840,-1.242993
-0.029477,3.211412,-1.294267
-0.042861,3.179782,-1.279112
-0.019986,3.158751,-1.208733
0.018634,3.143455,-1.214033
-0.028996,3.095586,-1.153774
-0.023876,3.069400,-1.091231
-0.028144,3.073678,-1.067852
-0.045524,3.116324,-1.195787
-0.073358,3.160383,-1.224391
-0.077056,3.179062,-1.288855
-0.044641,3.193211,-1.239765
-0.054700,3.199912,-1.163495
-0.055808,3.215484,-1.104136
-0.028814,3.227524,-1.174805
-0.043414,3.224034,-1.146441
-0.040128,3.205632,-1.247533
-0.023493,3.169253,-1.172178
-0.023231,3.153629,-1.176818
-0.034784,3.122400,-1.074928
-0.050972,3.086306,-1.062841
-0.028853,3.069562,-1.105937
-0.043874,3.076793,-1.046032
-0.048228,3.118656,-1.118299
-0.045386,3.154800,-1.092813
-0.069537,3.174131,-1.071787
-0.078104,3.176752,-1.088355
-0.033769,3.182247,-1.077567
-0.031551,3.195814,-1.047087
-0.011307,3.194303,-1.109123
-0.023847,3.171015,-1.135638
-0.025225,3.135530,-1.194358
-0.042599,3.105741,-1.216144
-0.012348,3.094987,-1.149045
0.017362,3.091254,-1.128742
0.006494,3.080561,-1.109364
-0.013700,3.045511,-1.075230
-0.027731,3.029235,-1.028903
-0.029260,3.024400,-1.064535
-0.038167,3.038072,-1.096306
-0.015008,3.067931,-1.153653
0.001615,3.092792,-1.178810
-0.013738,3.111653,-1.054305
-0.021546,3.114275,-1.087250
-0.002722,3.133458,-1.107265
-0.004129,3.132061,-1.143687
0.007998,3.106698,-1.164295
-0.000083,3.061232,-1.259646
0.008788,3.046806,-1.165127
0.015488,3.039688,-1.147585
-0.020888,3.021962,-1.133425
-0.043190,2.998587,-1.127053
-0.036329,2.984143,-1.109138
-0.040027,2.982833,-1.134802
-0.034191,3.000262,-1.238014
-0.038295,3.036839,-1.262466
-0.042657,3.062036,-1.208732
-0.041350,3.068304,-1.143270
-0.027337,3.076602,-1.074907
-0.006252,3.088624,-1.123147
-0.016153,3.094214,-1.111273
-0.001288,3.082409,-1.147966
-0.035564,3.049277,-1.190558
-0.030790,2.999142,-1.251477
0.001940,2.981418,-1.191825
0.018748,2.969752,-1.164672
0.002475,2.938911,-1.093432
-0.024420,2.909433,-1.100303
-0.025470,2.897264,-1.128314
-0.054379,2.919416,-1.179984
-0.059105,2.992251,-1.214804
-0.046181,3.019887,-1.126029
-0.042914,3.018871,-1.089643
-0.042975,3.010243,-1.062332
-0.037914,3.007622,-0.984795
-0.012642,3.000062,-1.003351
-0.010577,2.976990,-1.041459
-0.030049,2.939397,-1.112646
-0.017710,2.902342,-1.150008
-0.005679,2.888966,-1.091959
0.012015,2.880476,-1.039295
-0.019410,2.853699,-1.087525
-0.044965,2.804137,-1.038569
-0.035665,2.779650,-1.120759
-0.029001,2.759885,-1.158873
-0.028892,2.760355,-1.142710
-0.036331,2.776560,-1.107305
-0.055217,2.792011,-1.137495
-0.018714,2.793895,-1.074178
0.022903,2.794633,-1.132352
0.018396,2.788469,-1.084176
0.002099,2.758003,-1.003742
-0.006945,2.719247,-1.055070
-0.001280,2.652618,-1.101106
-0.019524,2.633123,-1.019956
-0.027560,2.624902,-1.000005
-0.016114,2.620624,-0.911828
-0.013050,2.586555,-0.965064
-0.016096,2.552893,-0.964336
-0.038944,2.512252,-1.009193
-0.032255,2.510430,-1.086729
-0.039208,2.521914,-1.035659
-0.034950,2.540194,-1.033454
-0.054235,2.541496,-1.152074
-0.036429,2.541722,-1.158005
-0.018651,2.539925,-1.204918
-0.013057,2.519319,-1.172894
-0.024724,2.475198,-1.261389
-0.042846,2.427840,-1.346585
-0.038417,2.407459,-1.325515
-0.036804,2.395523,-1.194243
-0.029565,2.384579,-1.094262
-0.051093,2.355484,-1.010169
-0.040177,2.321060,-0.955383
-0.020535,2.274534,-0.993661
-0.051568,2.266514,-1.051781
-0.059263,2.299167,-1.195922
-0.069815,2.330009,-1.147870
-0.061616,2.354070,-1.169690
-0.064236,2.368505,-1.127026
-0.052792,2.382072,-1.130171
-0.047015,2.389511,-1.105954
-0.038034,2.376370,-1.139758
-0.049033,2.351841,-1.204686
-0.040915,2.306470,-1.206804
-0.044344,2.291609,-1.188476
0.020431,2.278189,-1.093585
0.001110,2.238183,-1.043963
-0.008563,2.208211,-1.080149
-0.040507,2.190417,-1.048462
-0.049298,2.201380,-1.076693
-0.025678,2.243174,-1.136349
-0.050695,2.277738,-1.019456
-0.032408,2.287017,-1.027942
0.003504,2.299256,-0.918165
-0.024356,2.335634,-0.975429
-0.017519,2.364061,-1.042149
-0.001609,2.360137,-1.036124
-0.004678,2.327302,-1.051499
-0.015201,2.295168,-1.066897
0.007249,2.273250,-1.048893
0.050175,2.263962,-1.065825
0.037898,2.250968,-1.099866
0.021540,2.225492,-1.044721
-0.010568,2.197646,-0.993951
-0.024571,2.192976,-1.086899
-0.041332,2.205545,-1.093649
-0.017192,2.249630,-1.097682
-0.029046,2.283786,-1.005678
-0.029747,2.293273,-1.010016
-0.013110,2.305462,-0.959835
-0.020849,2.335382,-0.979961
-0.006845,2.362308,-1.001492
0.001276,2.378870,-1.055817
-0.014858,2.356337,-1.128368
-0.019203,2.317867,-1.188403
0.013754,2.292781,-1.144159
0.022368,2.274908,-1.151759
0.014759,2.253989,-1.124334
-0.011312,2.219226,-1.101051
0.006504,2.193663,-1.149832
-0.028153,2.178161,-1.152104
-0.037437,2.185852,-1.198303
-0.051769,2.225347,-1.165488
-0.068922,2.264797,-1.151561
-0.053667,2.277418,-1.136046
-0.033237,2.290238,-1.094271
-0.041380,2.333396,-1.119210
-0.033439,2.365954,-1.157241
0.002939,2.388644,-1.154467
-0.027034,2.378237,-1.189777
-0.025967,2.332222,-1.200238
-0.014717,2.310184,-1.076163
0.001316,2.298761,-1.133277
-0.019763,2.256438,-1.133037
-0.030414,2.227011,-1.081669
-0.043815,2.196363,-1.094912
-0.035603,2.179879,-1.130663
-0.037133,2.194531,-1.143080
-0.027272,2.233253,-1.095974
-0.039702,2.257774,-1.127943
-0.091740,2.260049,-1.131994
-0.036704,2.273642,-1.100591
-0.035510,2.316035,-1.119243
-0.031235,2.348915,-1.152342
-0.005342,2.371213,-1.115093
-0.015042,2.363063,-1.163471
-0.012316,2.326285,-1.187291
0.000496,2.305141,-1.160079
0.017699,2.284734,-1.085157
-0.001266,2.256749,-1.112499
-0.023918,2.231916,-1.013463
-0.027386,2.210675,-1.017970
-0.049656,2.196111,-1.104448
-0.059179,2.217188,-1.111898
-0.016977,2.271245,-0.984110
-0.000634,2.276462,-0.919418
-0.022021,2.279240,-0.856535
-0.048090,2.269909,-0.885257
-0.022865,2.274935,-0.935708
-0.016421,2.280196,-0.965076
-0.019997,2.270231,-1.026541
-0.021053,2.223524,-1.080681
-0.022550,2.185427,-1.103088
0.003584,2.176018,-1.036781
-0.006467,2.157616,-0.984349
-0.001539,2.133260,-1.015108
-0.037727,2.105145,-1.061752
-0.058693,2.101812,-1.067941
-0.034854,2.128860,-1.176066
-0.050175,2.145507,-1.160074
-0.023543,2.155125,-1.016707
-0.035043,2.151297,-1.058037
0.001178,2.151860,-1.123534
0.044114,2.136254,-1.077547
0.040579,2.100978,-1.113381
0.021338,2.041842,-1.130628
0.002581,1.997686,-1.125279
0.040737,1.994293,-1.120017
0.016722,1.997296,-1.152064
-0.007756,1.982480,-1.194734
-0.013004,1.976134,-1.165263
-0.002029,1.998842,-1.164726
-0.018157,2.017313,-1.136129
-0.028690,2.055148,-1.194462
-0.029782,2.073089,-1.248325
-0.028364,2.077394,-1.244303
-0.038118,2.069530,-1.169109
-0.022583,2.074461,-1.167605
-0.022587,2.081561,-1.164752
-0.015455,2.082420,-1.180930
-0.026664,2.062960,-1.233031
-0.031936,2.040106,-1.154492
-0.042434,2.029551,-1.180823
-0.052001,1.996759,-1.160003
-0.064641,1.949573,-1.068004
-0.037527,1.920001,-1.083826
-0.026416,1.922960,-1.086865
-0.050229,1.952924,-1.103149
-0.063430,1.990553,-1.135166
-0.110339,2.013277,-1.246297
-0.059479,2.019882,-1.215011
-0.060342,2.028597,-1.245086
-0.045683,2.028476,-1.191892
-0.036425,2.019439,-1.222723
-0.028700,1.993347,-1.286267
-0.045907,1.939471,-1.329384
-0.037050,1.901989,-1.345004
-0.030359,1.877354,-1.290427
0.014994,1.859647,-1.278296
-0.028378,1.823346,-1.194259
-0.037219,1.790641,-1.180313
-0.024196,1.767013,-1.175274
-0.052895,1.786699,-1.116459
-0.043544,1.852545,-1.211064
-0.039862,1.895998,-1.069620
-0.045512,1.901848,-1.130901
-0.021907,1.907794,-1.027968
-0.024145,1.926656,-1.091419
-0.028175,1.948001,-1.079503
-0.008122,1.957739,-1.038057
-0.006258,1.938339,-1.096938
-0.022303,1.895938,-1.120356
-0.016385,1.881095,-1.041809
-0.025004,1.876477,-1.019763
0.014414,1.869620,-0.996718
0.017607,1.846036,-0.989729
0.020328,1.828059,-1.029011
-0.002728,1.820976,-1.062599
-0.022928,1.835455,-1.026967
0.000166,1.876441,-1.090347
-0.022643,1.902048,-1.029392
-0.023252,1.907013,-1.093555
-0.008000,1.903419,-1.026681
0.017628,1.895416,-1.125414
0.056944,1.866877,-1.142056
0.019777,1.825509,-1.177348
0.004434,1.738448,-1.214737
-0.001116,1.695386,-1.217801
0.027753,1.688919,-1.177062
0.043249,1.692217,-1.202278
0.010583,1.679040,-1.270883
-0.002815,1.663191,-1.192418
-0.023717,1.660595,-1.225738
-0.032668,1.673242,-1.263483
-0.015849,1.751466,-1.304207
0.013232,1.772272,-1.301623
0.010779,1.785040,-1.121835
-0.019807,1.782280,-1.158892
-0.025063,1.792401,-1.111013
-0.016158,1.814891,-1.148201
-0.000157,1.827356,-1.173895
-0.024022,1.820412,-1.178165
-0.011022,1.789312,-1.113622
0.036883,1.764775,-1.141896
0.037370,1.745088,-0.994245
0.016482,1.711871,-1.020492
-0.012741,1.687307,-0.941770
-0.028011,1.668931,-0.909069
-0.012061,1.661528,-0.986212
-0.030707,1.677750,-1.033032
-0.021985,1.714138,-1.042713
-0.019160,1.738737,-1.053919
-0.009378,1.757086,-1.025402
-0.041125,1.764724,-0.974027
-0.011457,1.778022,-1.021238
-0.010859,1.784732,-1.090965
-0.009097,1.771591,-1.104793
-0.009494,1.744969,-1.172075
-0.029232,1.704624,-1.195208
-0.016798,1.691526,-1.207166
-0.040599,1.674253,-1.124062
-0.015777,1.661519,-1.177854
-0.046738,1.640391,-1.100487
-0.055264,1.600889,-1.048581
-0.042935,1.572323,-1.131852
-0.037403,1.573590,-1.139013
-0.054295,1.609342,-1.133915
-0.035003,1.644498,-1.161723
-0.064650,1.660035,-1.201285
-0.055869,1.663984,-1.082601
-0.015632,1.669036,-1.087252
0.001958,1.676988,-1.098386
0.012881,1.669931,-1.116501
-0.012147,1.646052,-1.126923
-0.002916,1.606427,-1.179331
-0.028097,1.587461,-1.190966
-0.019601,1.581274,-1.155650
-0.025097,1.579113,-1.101893
-0.058098,1.564851,-1.055194
-0.049723,1.546788,-1.045444
-0.045338,1.531399,-1.089865
-0.070995,1.530583,-1.105539
-0.057040,1.556424,-1.214854
-0.036503,1.591040,-1.263303
-0.066218,1.610743,-1.297100
-0.060395,1.619580,-1.212817
-0.018612,1.633902,-1.218362
-0.017873,1.648503,-1.243386
0.008658,1.651688,-1.258145
-0.002116,1.635769,-1.261695
0.011562,1.605120,-1.306545
-0.020648,1.581059,-1.289730
-0.022903,1.568135,-1.192855
-0.009968,1.557458,-1.174192
-0.039057,1.525257,-1.093322
-0.033115,1.504780,-0.969180
-0.049063,1.506031,-0.980721
-0.043310,1.534503,-1.075172
-0.040142,1.565064,-1.077285
-0.074043,1.597207,-1.095437
-0.065677,1.609471,-1.111099
-0.046215,1.622639,-1.068532
-0.033623,1.637282,-1.037997
-0.022872,1.641596,-1.111687
-0.018612,1.630642,-1.140060
-0.034842,1.593214,-1.147850
-0.043958,1.549605,-1.165014
-0.020737,1.531882,-1.116590
0.008011,1.517941,-1.124606
-0.031207,1.480236,-1.037453
-0.023331,1.462416,-1.086717
-0.025606,1.460706,-1.105811
-0.049163,1.494915,-1.086947
-0.038076,1.554006,-1.123443
-0.032949,1.600819,-1.135200
-0.028787,1.613535,-1.023308
-0.031562,1.623465,-0.982963
-0.017349,1.640348,-1.036066
-0.015167,1.649444,-1.084323
-0.016989,1.644479,-1.160117
-0.034320,1.621825,-1.153666
-0.013208,1.590108,-1.181536
0.006355,1.575978,-1.171861
0.001952,1.567843,-1.107214
-0.026282,1.555188,-1.102069
-0.031977,1.525319,-1.135684
-0.050967,1.506544,-1.093984
-0.035494,1.509825,-1.145981
-0.043176,1.539658,-1.153725
-0.039212,1.561185,-1.091671
-0.043396,1.584447,-1.117024
-0.080628,1.587008,-1.077805
-0.042815,1.604185,-1.116937
-0.007615,1.607979,-1.172305
-0.025708,1.593031,-1.215836
-0.020294,1.554614,-1.237186
-0.005518,1.525849,-1.201446
0.002803,1.510424,-1.208448
0.007460,1.506701,-1.181000
-0.016631,1.484844,-1.161775
-0.021344,1.463490,-1.123838
-0.030172,1.449229,-1.120514
-0.019562,1.455341,-1.171135
-0.049078,1.480218,-1.191765
-0.039243,1.506700,-1.162495
-0.048392,1.527342,-1.147370
-0.070070,1.529521,-1.134982
-0.031440,1.545006,-1.104071
-0.008815,1.548886,-1.202258
-0.015901,1.536986,-1.257578
-0.015333,1.505183,-1.334249
-0.033134,1.470427,-1.255492
-0.008784,1.454561,-1.132276
-0.023765,1.443545,-1.143723
-0.045680,1.420500,-1.125833
-0.057583,1.397402,-1.076298
-0.033035,1.386708,-1.132770
-0.058920,1.394884,-1.086727
-0.052260,1.434110,-1.166578
-0.052311,1.470461,-1.163367
-0.033832,1.495946,-1.077302
-0.055442,1.502143,-1.145027
-0.014297,1.523722,-1.091914
-0.016300,1.529920,-1.047200
-0.026225,1.519322,-1.066481
-0.044763,1.481494,-1.103842
-0.021183,1.446461,-1.163207
-0.004796,1.439978,-1.125635
-0.009976,1.431436,-1.081630
-0.046071,1.405457,-0.993259
-0.038546,1.387725,-1.026841
-0.025844,1.387916,-1.049891
-0.034217,1.402507,-1.104007
-0.047551,1.439641,-1.129361
-0.048108,1.476739,-1.116574
-0.045239,1.502163,-1.069209
-0.065336,1.505417,-1.149151
-0.071009,1.525337,-1.104950
-0.058597,1.546344,-1.192539
-0.043575,1.552463,-1.125600
-0.044111,1.546370,-1.197451
-0.043292,1.518229,-1.249815
-0.032780,1.500662,-1.213897
-0.036033,1.485984,-1.184256
-0.030174,1.466427,-1.132756
-0.049487,1.442662,-1.032722
-0.055980,1.436056,-1.049847
-0.047166,1.449128,-1.103467
-0.051651,1.480541,-1.101314
-0.031735,1.530842,-1.190122
-0.086865,1.558774,-1.107640
-0.079128,1.570154,-1.027700
-0.042296,1.597314,-1.107446
-0.039880,1.618554,-1.143361
-0.002142,1.626505,-1.190248
-0.025763,1.619266,-1.245537
-0.006688,1.596386,-1.293854
-0.018019,1.568349,-1.236045
0.012736,1.552474,-1.180382
-0.001487,1.538785,-1.192197
-0.026419,1.504914,-1.160961
-0.030368,1.490280,-1.149055
-0.028056,1.487892,-1.151260
-0.041063,1.512717,-1.162619
-0.023001,1.568191,-1.249521
-0.072458,1.608884,-1.229604
-0.057267,1.622034,-1.183721
-0.029865,1.639291,-1.100488
-0.039948,1.670104,-1.063236
-0.012015,1.687378,-1.140828
-0.016211,1.683568,-1.130007
-0.012577,1.654064,-1.175223
-0.023033,1.623345,-1.180863
-0.004280,1.607279,-1.091712
-0.004088,1.589893,-1.153508
-0.038639,1.558983,-1.107865
-0.055322,1.542639,-1.107056
-0.036851,1.551614,-1.164876
-0.052977,1.579754,-1.177691
-0.052841,1.630384,-1.178362
-0.075113,1.650288,-1.143546
-0.079819,1.670365,-1.199993
-0.072726,1.688585,-1.077602
-0.055493,1.724989,-1.075741
-0.039795,1.743574,-1.005842
-0.036217,1.743505,-0.996834
-0.025219,1.716692,-1.096159
-0.036454,1.685201,-1.091939
-0.053435,1.663691,-1.072376
-0.030341,1.648120,-1.033628
-0.050993,1.620655,-1.056313
-0.045226,1.606447,-1.104128
-0.043301,1.607410,-1.109416
-0.057150,1.623737,-1.101719
-0.060494,1.671434,-1.144178
-0.042867,1.711771,-1.149768
-0.054534,1.741717,-1.130356
-0.070866,1.752861,-1.112398
-0.056546,1.782330,-1.140419
-0.051282,1.811174,-1.097893
-0.038503,1.826242,-1.057579
-0.024211,1.814949,-1.148654
-0.017490,1.789229,-1.217983
-0.007212,1.763589,-1.142533
-0.054379,1.750457,-1.006466
-0.034802,1.728896,-1.038652
-0.057148,1.699948,-1.010915
-0.064406,1.697110,-1.057404
-0.059925,1.712508,-1.084151
-0.064397,1.751656,-1.123274
-0.063610,1.792079,-1.123556
-0.064551,1.820732,-1.168941
-0.046145,1.834558,-1.089430
-0.056021,1.848342,-0.984731
-0.038381,1.878836,-0.907840
-0.020998,1.916455,-0.908181
-0.042527,1.927279,-0.876482
-0.035451,1.916732,-0.966888
-0.019590,1.884929,-0.995122
0.026896,1.867499,-1.027078
-0.008516,1.846909,-0.882170
-0.041720,1.818525,-0.961997
-0.050576,1.801772,-0.912195
-0.046646,1.806833,-1.016919
-0.058605,1.832891,-1.035660
-0.061968,1.870553,-1.070823
-0.050788,1.908520,-1.069212
-0.070590,1.941877,-1.075489
-0.082304,1.952494,-1.068590
-0.060010,1.978039,-1.036674
-0.056254,2.003766,-0.951409
-0.021999,2.033261,-0.969423
-0.030029,2.036316,-1.060605
-0.033447,2.001025,-1.135472
-0.046810,1.984819,-1.156753
-0.042349,1.963431,-1.062021
-0.019390,1.939154,-1.044280
-0.040416,1.911533,-0.992660
-0.046819,1.905518,-1.033667
-0.039133,1.928937,-1.101467
-0.038183,1.967511,-1.120597
-0.029667,2.002388,-1.105190
-0.048294,2.033280,-1.157610
-0.057172,2.042933,-1.058816
-0.035632,2.088877,-1.101392
-0.021704,2.116140,-1.097410
-0.019475,2.127181,-1.104115
-0.004042,2.105472,-1.175242
-0.027452,2.080665,-1.187412
-0.023388,2.062879,-1.084203
0.008808,2.046647,-1.048374
-0.021299,2.016006,-0.995651
-0.021959,2.001199,-1.014928
-0.028730,2.003577,-1.024900
-0.045055,2.023854,-1.074699
-0.039871,2.057376,-1.100922
-0.021703,2.100194,-1.060738
-0.041777,2.126868,-1.021107
-0.051512,2.136486,-0.959656
-0.024092,2.177525,-0.896862
-0.017176,2.209000,-0.910427
-0.011848,2.216168,-0.960727
0.000438,2.195501,-1.038053
-0.013412,2.170468,-1.037128
0.016763,2.152978,-0.979015
0.003179,2.135600,-1.012499
-0.036981,2.107875,-1.004039
-0.038602,2.094248,-1.009178
-0.026235,2.100706,-1.059526
-0.031209,2.121183,-1.063961
-0.034809,2.173975,-1.006453
-0.007702,2.202974,-0.938734
-0.016365,2.233936,-0.878500
-0.028034,2.242451,-0.872244
-0.008189,2.287657,-0.922182
-0.016369,2.317959,-0.805745
-0.035443,2.327038,-0.896724
-0.020623,2.310788,-0.924637
-0.034341,2.280513,-0.995218
-0.006126,2.260384,-0.989542
-0.005370,2.242173,-1.020756
-0.042206,2.210065,-1.034275
-0.044230,2.195309,-1.004532
-0.032900,2.202426,-1.090299
-0.040210,2.224630,-1.084532
-0.052197,2.256537,-1.057225
-0.019524,2.312203,-0.963204
-0.028890,2.340969,-0.974839
-0.037187,2.349875,-0.904495
-0.029564,2.386124,-0.895820
-0.024927,2.418127,-0.919766
-0.027228,2.430990,-0.857133
-0.003663,2.420210,-0.934524
-0.018013,2.393709,-0.964469
0.015207,2.375256,-0.930803
0.023319,2.358069,-0.864436
0.001228,2.329503,-0.887114
-0.009107,2.312751,-0.969282
-0.019088,2.311423,-0.996112
-0.027434,2.335875,-0.979519
-0.024072,2.383952,-1.055886
0.003694,2.421026,-0.958444
0.017338,2.445269,-0.932216
0.006484,2.459175,-0.861850
-0.001132,2.502263,-0.762588
-0.015515,2.527801,-0.736857
-0.008641,2.534511,-0.800440
-0.011494,2.516162,-0.873068
-0.011220,2.484749,-0.910302
-0.015283,2.467319,-0.899591
-0.003805,2.447868,-0.944617
-0.031840,2.424223,-0.965081
-0.046248,2.421167,-1.019922
-0.047092,2.431496,-1.028824
-0.029208,2.477310,-1.119248
-0.022942,2.527637,-1.136506
-0.045060,2.560465,-1.067742
-0.048339,2.568989,-0.963334
-0.019402,2.598510,-0.986762
-0.026487,2.634490,-0.919841
-0.006561,2.654271,-0.967793
-0.027957,2.663299,-0.983221
-0.025007,2.648517,-1.008763
-0.027997,2.620116,-1.055290
-0.011249,2.603015,-0.924580
0.005084,2.584110,-0.963338
-0.028648,2.560223,-1.002095
-0.024987,2.540371,-1.024779
-0.051316,2.536369,-0.969470
-0.059265,2.544633,-1.005172
-0.046915,2.586610,-1.064018
-0.044242,2.630113,-1.123887
-0.051903,2.666588,-1.048895
-0.044682,2.672924,-0.978065
-0.035905,2.689599,-0.955516
-0.039827,2.723884,-0.979159
-0.022940,2.751712,-0.943826
-0.029411,2.756860,-0.983541
-0.013863,2.740888,-1.031106
-0.020433,2.717878,-1.063031
-0.005726,2.706429,-1.066294
0.013065,2.697576,-1.033204
-0.019386,2.667578,-0.990006
-0.025917,2.657404,-1.053027
-0.019899,2.661440,-1.044936
-0.036140,2.679616,-1.066482
-0.031928,2.729700,-1.135649
-0.032523,2.770201,-1.100477
-0.048770,2.795140,-1.038380
-0.026943,2.799505,-0.981108
-0.004897,2.819357,-0.868499
-0.004287,2.860831,-0.897284
0.000460,2.890100,-0.828862
-0.017323,2.895977,-0.832822
-0.012813,2.880638,-0.900039
-0.015035,2.855605,-0.959937
-0.008166,2.844269,-0.942852
0.030501,2.832239,-0.968587
-0.012399,2.800695,-0.890988
-0.011324,2.789577,-0.963401
-0.001331,2.798265,-1.045095
-0.015480,2.826170,-1.092588
-0.031712,2.870126,-1.116308
-0.013119,2.907390,-1.138415
-0.009694,2.932172,-1.091020
-0.032699,2.945669,-0.955329
-0.007269,2.989955,-0.980150
-0.009099,3.023295,-0.958715
-0.036613,3.036367,-0.981828
-0.030187,3.033398,-0.984622
-0.040419,3.015700,-1.039138
-0.032272,2.998913,-1.061886
-0.009766,2.986362,-1.039121
0.009629,2.968984,-1.055978
-0.035189,2.936243,-1.009378
-0.047571,2.921834,-1.009332
-0.034320,2.937485,-1.083246
-0.049507,2.971622,-1.125315
-0.045039,3.014877,-1.029480
-0.034146,3.045499,-1.059600
-0.060223,3.063084,-0.971767
-0.064962,3.070601,-1.004702
-0.031693,3.110251,-0.975088
-0.046572,3.129121,-0.990071
-0.035135,3.142080,-0.974029
-0.023760,3.139051,-0.994103
-0.025018,3.106657,-1.051427
-0.020014,3.096970,-1.013131
-0.022090,3.087682,-1.047626
-0.062087,3.063309,-0.985833
-0.046963,3.048362,-1.041903
-0.050707,3.048328,-1.061448
-0.056984,3.063613,-1.061926
-0.056022,3.104028,-1.121612
-0.067240,3.155761,-1.107105
-0.079466,3.183823,-1.101564
-0.082785,3.198120,-1.138095
-0.051866,3.216383,-0.994873
-0.044804,3.247918,-1.019135
-0.030211,3.280962,-1.045921
-0.023981,3.291005,-0.992924
-0.019290,3.272438,-1.084098
-0.046390,3.251233,-1.033796
-0.021224,3.235633,-1.045153
-0.015600,3.216936,-1.015388
-0.032444,3.191209,-0.993705
-0.041920,3.160854,-0.974848
-0.055597,3.153937,-0.956127
-0.051856,3.166011,-1.022851
-0.048573,3.191974,-1.074112
-0.048449,3.220914,-1.108091
-0.040956,3.240304,-0.981008
-0.042390,3.252830,-0.969924
-0.066617,3.257916,-0.915851
-0.022073,3.274875,-0.905430
-0.035284,3.284685,-0.868018
-0.023258,3.293782,-0.879888
-0.033965,3.283035,-0.933804
-0.035793,3.240997,-0.968338
-0.026266,3.210600,-1.002731
-0.020303,3.188221,-0.963102
-0.005142,3.178908,-1.031443
-0.027594,3.141427,-0.963247
-0.032921,3.113200,-0.954282
-0.054963,3.112566,-0.938472
-0.069704,3.143961,-1.033613
-0.062425,3.188273,-1.150454
-0.051855,3.220884,-1.082086
-0.043527,3.232603,-1.068148
-0.031365,3.241162,-1.042724
-0.014394,3.261646,-1.046296
-0.019805,3.265613,-1.099360
-0.029154,3.256829,-1.066385
-0.035474,3.229044,-1.135793
-0.041465,3.193994,-1.174896
-0.028761,3.176877,-1.056099
-0.013496,3.161592,-1.111641
-0.067839,3.132575,-1.061153
-0.064823,3.100267,-1.028054
-0.064765,3.092446,-1.009072
-0.076669,3.104311,-1.033429
-0.075545,3.134439,-1.148601
-0.058561,3.179490,-1.240093
-0.077352,3.200730,-1.251502
-0.070235,3.204210,-1.229610
-0.025132,3.214105,-1.187653
-0.023775,3.229703,-1.133195
-0.003187,3.230546,-1.160472
-0.013523,3.218046,-1.188751
-0.013098,3.187128,-1.218844
-0.051520,3.166104,-1.242237
-0.031207,3.156869,-1.145545
-0.019859,3.146530,-1.201589
-0.045220,3.115706,-1.084951
-0.048642,3.082756,-1.122330
-0.038183,3.076830,-1.088808
-0.040369,3.095892,-1.154270
-0.071395,3.125282,-1.173268
-0.059358,3.171165,-1.250630
-0.083548,3.193048,-1.263333
-0.095903,3.200088,-1.246666
-0.046658,3.213542,-1.184421
-0.027442,3.227674,-1.209026
-0.031272,3.221745,-1.190984
-0.035757,3.206035,-1.196892
-0.047043,3.166227,-1.227918
-0.025674,3.148902,-1.248245
-0.014851,3.139587,-1.201387
-0.025759,3.120431,-1.068343
-0.018688,3.087819,-1.125059
-0.027864,3.070668,-1.088341
-0.049311,3.069714,-1.065687
-0.058717,3.105006,-1.197810
-0.072218,3.143294,-1.221598
-0.047599,3.166540,-1.232133
-0.046095,3.184360,-1.201765
-0.061176,3.188683,-1.205140
-0.028043,3.208917,-1.180672
-0.035365,3.216564,-1.126074
-0.023671,3.209611,-1.166126
-0.045182,3.186669,-1.123334
-0.054080,3.155074,-1.215317
-0.023363,3.136708,-1.148942
-0.019315,3.121796,-1.125128
-0.046455,3.095981,-1.071328
-0.042071,3.068203,-1.099411
-0.036130,3.054237,-1.068666
-0.045640,3.065443,-1.105330
-0.064386,3.084009,-1.080320
-0.056433,3.121090,-1.117749
-0.029757,3.153441,-1.097120
-0.044296,3.173918,-1.071446
-0.064437,3.177581,-1.119152
-0.025470,3.199532,-1.094202
-0.017328,3.205886,-1.099449
-0.026974,3.200391,-1.136413
-0.043105,3.175089,-1.128978
-0.037550,3.144945,-1.228736
-0.035603,3.131907,-1.179165
-0.025725,3.116518,-1.157393
-0.005241,3.096736,-1.107017
-0.014502,3.068474,-1.066654
-0.012074,3.047033,-1.061517
-0.009491,3.051973,-1.136350
-0.042909,3.074992,-1.151129
-0.042323,3.127653,-1.110340
-0.044723,3.146090,-1.146627
-0.037901,3.159501,-1.085764
-0.059975,3.161731,-1.073611
-0.060618,3.172278,-1.116410
-0.046128,3.177860,-1.060707
-0.009052,3.180403,-1.145154
-0.009979,3.174743,-1.137729
0.003316,3.154415,-1.204829
-0.032951,3.138479,-1.167258
0.040971,3.115954,-1.191039
0.149521,3.104019,-1.205317
-0.004433,3.105434,-1.163001
0.013235,3.101554,-1.179324
0.055111,3.102717,-1.225393
-0.022585,3.097162,-1.209660
0.025240,3.092189,-1.183650
-0.032977,3.083065,-1.267605
-0.018329,3.071329,-1.142226
0.024462,3.054575,-1.094351
-0.015510,3.042076,-1.003143
0.022569,3.033908,-1.020403
-0.055245,3.027180,-1.057112
-0.010255,3.021487,-1.081303
-0.044538,3.022207,-1.084718
-0.026118,3.017971,-1.053708
-0.046895,3.016740,-1.024186
-0.067812,3.020064,-0.988460
-0.014419,3.018344,-0.961217
-0.056403,3.022911,-0.911786
-0.026150,3.021026,-0.925427
0.005762,3.026877,-0.957131
-0.031274,3.030939,-0.984472
0.000682,3.034881,-1.055773
-0.009432,3.038909,-0.930367
-0.016235,3.038525,-0.914342
-0.040029,3.039602,-0.973191
-0.002610,3.033839,-0.940612
0.004297,3.024491,-0.907847
-0.000272,3.009075,-0.993141
0.024151,2.997436,-0.980959
-0.055766,2.990943,-1.008955
0.003227,2.975267,-1.051507
0.000910,2.962178,-1.118693
0.013174,2.946632,-1.151231
0.023001,2.936485,-1.206848
0.029706,2.931451,-1.252809
0.009856,2.934775,-1.280009
0.012856,2.943230,-1.328532
0.000805,2.951050,-1.343346
0.011199,2.953784,-1.380290
0.007945,2.952196,-1.405004
0.010290,2.947161,-1.448375
0.002017,2.945547,-1.472149
0.000608,2.944913,-1.496199
-0.012172,2.948142,-1.520459
-0.014449,2.949114,-1.539772
-0.027023,2.948610,-1.556451
-0.024447,2.947803,-1.567910
-0.034234,2.948359,-1.571230
-0.038795,2.948749,-1.572873
-0.040504,2.949496,-1.580563
-0.042384,2.949582,-1.584624
-0.041987,2.949417,-1.586642
-0.041876,2.949270,-1.586345
-0.041663,2.949209,-1.585293
-0.038374,2.949166,-1.586113
-0.035422,2.949105,-1.585093
-0.035266,2.948940,-1.588059
-0.029595,2.948645,-1.587878
-0.026118,2.948663,-1.589499
-0.019061,2.948750,-1.591086
-0.015580,2.949001,-1.592737
-0.005647,2.948646,-1.594080
-0.004647,2.948889,-1.600039
-0.001424,2.948958,-1.600820
0.000921,2.948923,-1.603760
0.006635,2.948576,-1.608369
0.009752,2.948091,-1.611401
0.012416,2.947830,-1.613304
0.013503,2.947787,-1.615128
0.013235,2.947744,-1.617323
0.012293,2.947692,-1.617818
0.010117,2.947597,-1.617580
0.006360,2.947527,-1.615734
0.004887,2.947545,-1.614526
0.002448,2.947744,-1.612336
-0.000710,2.947762,-1.609506
-0.002510,2.947684,-1.606371
-0.003791,2.947658,-1.605112
-0.004427,2.947675,-1.603328
-0.005208,2.947667,-1.602539
-0.006362,2.947606,-1.602950
-0.007075,2.947649,-1.603248
-0.007382,2.947728,-1.605013
-0.008157,2.947797,-1.606905
-0.008332,