696545.161,0.001745329238474369,0.001745329238474369,0.0
696555.109,0.001745329238474369,0.003490658476948738,0.0
696565.057,0.001745329238474369,0.0,0.0
696575.005,0.0,0.0,0.0
696584.953,0.0,0.005235987715423107,0.001745329238474369
696594.9010000001,0.0,0.005235987715423107,0.0
696604.851,0.0,0.003490658476948738,0.0
696614.799,0.0,0.005235987715423107,0.0
696624.747,0.001745329238474369,0.001745329238474369,0.0
696634.6950000001,0.003490658476948738,0.0,0.0
696644.643,0.005235987715423107,-0.001745329238474369,0.001745329238474369
696654.591,0.003490658476948738,-0.001745329238474369,-0.0
696664.541,0.005235987715423107,-0.001745329238474369,0.001745329238474369
696674.4890000001,0.005235987715423107,0.0,0.0
696684.437,0.003490658476948738,-0.001745329238474369,-0.0
696694.385,0.003490658476948738,0.0,0.0
696704.333,0.001745329238474369,0.001745329238474369,0.0
696714.283,0.001745329238474369,0.0,0.0
696724.231,0.001745329238474369,0.001745329238474369,0.0
696734.179,0.001745329238474369,0.0,0.001745329238474369
696744.127,0.0,0.001745329238474369,0.0
696754.0750000001,0.001745329238474369,0.001745329238474369,0.0
696764.023,0.0,0.001745329238474369,0.0
696773.973,0.003490658476948738,0.001745329238474369,0.0
696783.921,0.001745329238474369,0.001745329238474369,0.001745329238474369
696793.8690000001,0.003490658476948738,0.003490658476948738,0.0
696803.817,0.0,0.0,0.001745329238474369
696813.765,0.001745329238474369,0.001745329238474369,0.0
696823.715,0.0,0.005235987715423107,0.0
696833.6630000001,0.001745329238474369,0.0,0.0
696843.611,0.001745329238474369,0.003490658476948738,0.001745329238474369
696853.559,0.0,0.0,0.0
696863.507,0.001745329238474369,0.0,0.001745329238474369
696873.455,0.001745329238474369,0.0,0.0
696883.405,0.001745329238474369,0.0,0.0
696893.353,0.003490658476948738,0.0,0.0
696903.301,0.003490658476948738,0.001745329238474369,0.0
696913.2490000001,0.003490658476948738,0.0,0.0
696923.197,0.003490658476948738,0.0,0.0
696933.145,0.001745329238474369,0.0,0.0
696943.095,0.001745329238474369,0.001745329238474369,0.0
696953.0430000001,0.001745329238474369,0.001745329238474369,0.001745329238474369
696962.991,0.003490658476948738,0.001745329238474369,0.0
696972.939,0.001745329238474369,0.001745329238474369,0.001745329238474369
696982.887,0.003490658476948738,0.001745329238474369,0.0
696992.837,0.001745329238474369,0.005235987715423107,0.0
697002.785,0.003490658476948738,0.0,0.0
697012.733,0.001745329238474369,0.0,0.0
697022.681,0.001745329238474369,0.001745329238474369,0.0
697032.629,0.001745329238474369,0.0,0.0
697042.579,0.003490658476948738,0.0,0.001745329238474369
697052.527,0.0,0.001745329238474369,0.0
697062.475,0.0,0.001745329238474369,0.0
697072.4230000001,0.001745329238474369,0.001745329238474369,0.0
697082.371,0.001745329238474369,0.0,0.001745329238474369
697092.321,0.0,0.001745329238474369,0.0
697102.269,0.0,0.001745329238474369,0.0
697112.2170000001,0.0,0.001745329238474369,0.003490658476948738
697122.165,0.003490658476948738,0.0,0.0
697132.113,0.003490658476948738,0.0,0.0
697142.061,0.001745329238474369,0.003490658476948738,0.0
697152.009,0.0,0.001745329238474369,0.0
697161.959,0.001745329238474369,0.0,0.0
697171.907,0.001745329238474369,0.003490658476948738,0.0
697181.855,0.0,0.001745329238474369,0.0
697191.8030000001,0.001745329238474369,0.001745329238474369,0.0
697201.751,0.0,0.0,0.0
697211.701,0.003490658476948738,0.001745329238474369,0.0
697221.649,0.001745329238474369,0.005235987715423107,0.0
697231.5970000001,0.001745329238474369,0.001745329238474369,0.0
697241.545,0.001745329238474369,0.0,0.0
697251.493,0.001745329238474369,0.001745329238474369,0.0
697261.443,0.0,0.0,0.0
697271.3910000001,0.0,0.003490658476948738,0.0
697281.339,0.001745329238474369,0.001745329238474369,0.0
697291.287,0.0,0.001745329238474369,0.001745329238474369
697301.235,0.0,0.001745329238474369,0.0
697311.183,0.0,0.001745329238474369,0.0
697321.133,0.001745329238474369,0.001745329238474369,0.0
697331.081,0.001745329238474369,0.001745329238474369,0.0
697341.029,0.001745329238474369,0.003490658476948738,0.0
697350.9770000001,0.003490658476948738,0.003490658476948738,0.0
697360.925,0.003490658476948738,0.003490658476948738,0.0
697370.873,0.001745329238474369,0.001745329238474369,0.0
697380.823,0.003490658476948738,0.0,0.0
697390.7710000001,0.001745329238474369,0.0,0.0
697400.719,0.001745329238474369,0.0,0.0
697410.667,0.001745329238474369,0.001745329238474369,0.001745329238474369
697420.615,0.001745329238474369,0.001745329238474369,0.001745329238474369
697430.5650000001,0.003490658476948738,0.003490658476948738,0.0
697440.513,0.0,0.001745329238474369,0.0
697450.461,0.003490658476948738,0.003490658476948738,0.0
697460.409,0.0,0.001745329238474369,0.0
697470.357,0.005235987715423107,0.003490658476948738,0.0
697480.307,0.001745329238474369,0.003490658476948738,0.0
697490.255,0.003490658476948738,0.001745329238474369,0.0
697500.203,0.001745329238474369,0.001745329238474369,0.0
697510.1510000001,0.005235987715423107,0.0,0.001745329238474369
697520.099,0.001745329238474369,0.005235987715423107,0.0
697530.047,0.001745329238474369,0.005235987715423107,0.001745329238474369
697539.997,0.003490658476948738,0.001745329238474369,0.0
697549.9450000001,0.001745329238474369,0.001745329238474369,0.001745329238474369
697559.893,0.003490658476948738,0.001745329238474369,0.0
697569.841,0.001745329238474369,0.001745329238474369,0.0
697579.789,0.003490658476948738,0.003490658476948738,0.0
697589.7390000001,0.003490658476948738,0.005235987715423107,0.0
697599.687,0.001745329238474369,0.005235987715423107,0.0
697609.635,0.003490658476948738,0.003490658476948738,0.0
697619.583,0.001745329238474369,0.003490658476948738,0.0
697629.531,0.003490658476948738,0.001745329238474369,0.001745329238474369
697639.479,0.0,0.001745329238474369,0.0
697649.429,0.0,0.0,0.001745329238474369
697659.377,0.001745329238474369,0.001745329238474369,0.0
697669.3250000001,0.001745329238474369,0.0,0.0
697679.273,0.001745329238474369,0.003490658476948738,0.0
697689.221,0.005235987715423107,0.0,0.0
697699.171,0.001745329238474369,0.001745329238474369,0.0
697709.1190000001,0.001745329238474369,0.003490658476948738,0.0
697719.067,0.0,0.001745329238474369,0.001745329238474369
697729.015,0.0,0.003490658476948738,0.0
697738.963,0.0,0.003490658476948738,0.0
697748.911,0.001745329238474369,0.0,0.0
697758.861,0.0,0.0,0.003490658476948738
697768.809,0.001745329238474369,0.0,0.0
697778.757,0.0,0.0,0.0
697788.705,0.003490658476948738,0.001745329238474369,0.0
697798.653,0.001745329238474369,0.001745329238474369,0.0
697808.603,0.001745329238474369,0.0,0.0
697818.551,0.0,0.0,0.0
697828.4990000001,0.003490658476948738,0.001745329238474369,0.0
697838.447,0.001745329238474369,0.0,0.0
697848.395,0.001745329238474369,0.001745329238474369,0.0
697858.343,0.001745329238474369,0.001745329238474369,0.0
697868.2930000001,0.001745329238474369,0.0,0.0
697878.241,0.001745329238474369,0.001745329238474369,0.001745329238474369
697888.189,0.001745329238474369,0.001745329238474369,0.001745329238474369
697898.137,0.003490658476948738,0.001745329238474369,-0.001745329238474369
697908.085,0.003490658476948738,0.0,0.0
697918.035,0.003490658476948738,0.0,0.0
697927.983,0.001745329238474369,0.0,0.001745329238474369
697937.931,0.001745329238474369,0.001745329238474369,0.001745329238474369
697947.879,0.001745329238474369,0.001745329238474369,0.0
697957.827,0.001745329238474369,0.001745329238474369,0.0
697967.775,0.005235987715423107,0.003490658476948738,0.0
697977.725,0.003490658476948738,0.0,0.0
697987.6730000001,0.0,0.001745329238474369,0.0
697997.621,0.001745329238474369,0.0,0.0
698007.569,0.001745329238474369,0.001745329238474369,0.0
698017.517,0.001745329238474369,0.0,0.0
698027.4670000001,0.001745329238474369,0.001745329238474369,0.0
698037.415,0.0,0.003490658476948738,0.0
698047.363,0.0,0.001745329238474369,0.0
698057.311,0.003490658476948738,0.0,0.001745329238474369
698067.259,0.001745329238474369,0.0,0.0
698077.207,0.001745329238474369,0.0,0.0
698087.157,0.0,0.0,0.0
698097.105,0.0,0.0,0.0
698107.0530000001,0.003490658476948738,0.0,0.0
698117.001,0.001745329238474369,0.0,0.0
698126.951,0.001745329238474369,0.003490658476948738,0.0
698136.899,0.0,0.001745329238474369,0.0
698146.8470000001,0.003490658476948738,0.003490658476948738,0.0
698156.795,0.003490658476948738,0.001745329238474369,0.0
698166.743,0.003490658476948738,0.001745329238474369,0.0
698176.691,0.003490658476948738,0.0,0.0
698186.6410000001,0.001745329238474369,0.005235987715423107,0.001745329238474369
698196.589,0.0,0.003490658476948738,0.0
698206.537,0.001745329238474369,0.001745329238474369,0.0
698216.485,0.005235987715423107,0.003490658476948738,0.0
698226.433,0.001745329238474369,0.005235987715423107,0.0
698236.383,0.001745329238474369,0.0,0.001745329238474369
698246.331,0.001745329238474369,0.001745329238474369,0.001745329238474369
698256.279,0.001745329238474369,0.0,0.0
698266.2270000001,0.001745329238474369,0.005235987715423107,0.0
698276.175,0.001745329238474369,0.005235987715423107,0.0
698286.123,0.0,0.001745329238474369,0.0
698296.073,0.003490658476948738,0.001745329238474369,0.0
698306.0210000001,0.003490658476948738,0.0,0.0
698315.969,0.0,0.0,0.0
698325.917,0.001745329238474369,0.001745329238474369,0.001745329238474369
698335.865,0.001745329238474369,0.001745329238474369,0.0
698345.813,0.001745329238474369,0.001745329238474369,0.0
698355.763,0.001745329238474369,0.003490658476948738,0.0
698365.711,0.005235987715423107,0.0,0.0
698375.659,0.001745329238474369,0.001745329238474369,0.0
698385.607,0.001745329238474369,0.001745329238474369,0.001745329238474369
698395.555,0.001745329238474369,0.0,0.0
698405.505,0.001745329238474369,0.003490658476948738,0.0
698415.453,0.001745329238474369,0.001745329238474369,0.0
698425.4010000001,0.001745329238474369,0.001745329238474369,0.0
698435.349,0.001745329238474369,0.001745329238474369,0.0
698445.297,0.0,0.003490658476948738,0.0
698455.247,0.001745329238474369,0.0,0.001745329238474369
698465.1950000001,0.0,0.0,0.0
698475.143,0.001745329238474369,0.001745329238474369,0.0
698485.091,0.001745329238474369,0.003490658476948738,0.0
698495.039,0.003490658476948738,0.001745329238474369,0.0
698504.987,0.001745329238474369,0.005235987715423107,0.0
698514.937,0.001745329238474369,0.001745329238474369,0.001745329238474369
698524.885,0.0,0.001745329238474369,0.0
698534.833,0.0,0.003490658476948738,0.0
698544.781,0.005235987715423107,0.001745329238474369,0.0
698554.729,0.003490658476948738,0.001745329238474369,0.0
698564.679,0.001745329238474369,0.0,0.0
698574.627,0.003490658476948738,0.001745329238474369,0.0
698584.5750000001,0.003490658476948738,0.0,0.0
698594.523,0.003490658476948738,0.0,0.0
698604.471,0.003490658476948738,0.001745329238474369,0.0
698614.419,0.001745329238474369,0.0,0.001745329238474369
698624.3690000001,0.001745329238474369,0.0,0.0
698634.317,0.003490658476948738,0.003490658476948738,0.0
698644.265,0.003490658476948738,0.0,0.0
698654.213,0.001745329238474369,0.0,0.0
698664.1630000001,0.001745329238474369,0.0,0.0
698674.111,0.001745329238474369,0.003490658476948738,0.0
698684.059,0.001745329238474369,0.003490658476948738,0.0
698694.007,0.001745329238474369,0.001745329238474369,0.0
698703.955,0.001745329238474369,0.001745329238474369,0.0
698713.903,0.001745329238474369,0.005235987715423107,0.0
698723.853,0.001745329238474369,0.001745329238474369,0.0
698733.801,0.003490658476948738,0.001745329238474369,0.0
698743.7490000001,0.003490658476948738,0.0,0.0
698753.697,0.003490658476948738,0.0,0.0
698763.645,0.003490658476948738,0.001745329238474369,0.0
698773.593,0.001745329238474369,0.0,0.0
698783.5430000001,0.003490658476948738,0.0,0.0
698793.491,0.001745329238474369,0.001745329238474369,0.001745329238474369
698803.439,0.0,0.005235987715423107,0.0
698813.387,0.0,0.001745329238474369,0.0
698823.335,0.005235987715423107,0.001745329238474369,0.0
698833.285,0.001745329238474369,0.0,0.0
698843.233,0.003490658476948738,0.0,0.001745329238474369
698853.181,0.001745329238474369,0.0,0.0
698863.129,0.0,0.001745329238474369,0.0
698873.077,0.001745329238474369,0.003490658476948738,0.0
698883.027,0.003490658476948738,0.0,0.0
698892.975,0.001745329238474369,0.0,0.0
698902.9230000001,0.001745329238474369,0.001745329238474369,0.0
698912.871,0.0,0.001745329238474369,0.0
698922.819,0.001745329238474369,0.0,0.0
698932.769,0.003490658476948738,0.003490658476948738,0.0
698942.7170000001,0.001745329238474369,0.005235987715423107,0.0
698952.665,0.0,0.001745329238474369,0.0
698962.613,0.001745329238474369,0.0,0.0
698972.561,0.003490658476948738,0.0,0.0
698982.509,0.001745329238474369,0.0,0.001745329238474369
698992.459,0.001745329238474369,0.001745329238474369,0.0
699002.407,0.0,0.001745329238474369,0.0
699012.355,0.001745329238474369,0.003490658476948738,0.0
699022.3030000001,0.001745329238474369,0.001745329238474369,0.0
699032.251,0.0,0.001745329238474369,0.0
699042.201,0.001745329238474369,0.003490658476948738,0.0
699052.149,0.001745329238474369,0.001745329238474369,0.0
699062.0970000001,0.0,0.003490658476948738,0.0
699072.045,0.0,0.001745329238474369,0.0
699081.993,0.003490658476948738,0.001745329238474369,0.0
699091.941,0.001745329238474369,0.0,0.0
699101.8910000001,0.003490658476948738,0.003490658476948738,0.001745329238474369
699111.839,0.0,0.003490658476948738,0.0
699121.787,0.005235987715423107,0.0,0.0
699131.735,0.003490658476948738,-0.001745329238474369,-0.0
699141.683,0.0,0.003490658476948738,0.0
699151.633,0.001745329238474369,0.003490658476948738,0.0
699161.581,0.001745329238474369,0.001745329238474369,0.001745329238474369
699171.529,0.005235987715423107,0.001745329238474369,0.001745329238474369
699181.4770000001,0.0,0.003490658476948738,0.001745329238474369
699191.425,0.003490658476948738,0.0,0.001745329238474369
699201.375,0.003490658476948738,0.0,0.0
699211.323,0.003490658476948738,0.005235987715423107,0.0
699221.2710000001,0.003490658476948738,0.001745329238474369,0.001745329238474369
699231.219,0.003490658476948738,0.0,0.001745329238474369
699241.167,0.001745329238474369,0.0,0.0
699251.117,0.005235987715423107,0.001745329238474369,0.0
699261.0650000001,0.005235987715423107,0.0,0.0
699271.013,0.001745329238474369,0.0,0.0
699280.961,0.001745329238474369,0.0,0.0
699290.909,0.001745329238474369,0.0,0.0
699300.857,0.001745329238474369,0.0,0.001745329238474369
699310.807,0.001745329238474369,0.003490658476948738,0.0
699320.755,0.001745329238474369,0.0,0.0
699330.703,0.001745329238474369,0.003490658476948738,0.001745329238474369
699340.6510000001,0.003490658476948738,0.003490658476948738,0.0
699350.599,0.001745329238474369,0.005235987715423107,0.0
699360.549,0.001745329238474369,0.003490658476948738,0.0
699370.497,0.003490658476948738,0.0,0.0
699380.4450000001,0.001745329238474369,0.0,0.0
699390.393,0.001745329238474369,0.003490658476948738,0.0
699400.341,0.001745329238474369,0.0,0.0
699410.289,0.001745329238474369,0.001745329238474369,0.0
699420.2390000001,0.003490658476948738,0.003490658476948738,0.0
699430.187,0.003490658476948738,0.003490658476948738,0.0
699440.135,0.003490658476948738,0.0,0.0
699450.083,0.0,0.0,0.001745329238474369
699460.033,0.003490658476948738,0.001745329238474369,0.001745329238474369
699469.981,0.001745329238474369,0.0,0.0
699479.929,0.001745329238474369,0.003490658476948738,0.0
699489.877,0.001745329238474369,0.001745329238474369,0.0
699499.8250000001,0.003490658476948738,0.0,0.0
699509.773,0.003490658476948738,0.0,0.0
699519.723,0.001745329238474369,0.001745329238474369,0.0
699529.671,0.001745329238474369,0.0,0.003490658476948738
699539.6190000001,0.0,0.001745329238474369,0.0
699549.567,0.0,0.001745329238474369,0.0
699559.515,0.001745329238474369,0.001745329238474369,0.001745329238474369
699569.465,0.001745329238474369,0.0,0.0
699579.4130000001,0.001745329238474369,0.001745329238474369,0.0
699589.361,0.0,0.001745329238474369,0.001745329238474369
699599.309,0.003490658476948738,0.001745329238474369,0.0
699609.257,0.003490658476948738,0.001745329238474369,0.0
699619.207,0.0,0.001745329238474369,0.001745329238474369
699629.155,0.003490658476948738,0.003490658476948738,0.0
699639.103,0.001745329238474369,0.001745329238474369,0.0
699649.051,0.001745329238474369,0.001745329238474369,0.0
699658.9990000001,0.001745329238474369,0.0,0.001745329238474369
699668.947,0.001745329238474369,0.001745329238474369,0.0
699678.897,0.003490658476948738,0.001745329238474369,0.0
699688.845,0.0,0.001745329238474369,0.0
699698.7930000001,0.001745329238474369,0.001745329238474369,0.0
699708.741,0.001745329238474369,0.003490658476948738,0.0
699718.689,0.0,0.005235987715423107,0.0
699728.639,0.003490658476948738,0.001745329238474369,0.001745329238474369
699738.587,0.001745329238474369,0.0,0.0
699748.535,0.001745329238474369,0.003490658476948738,0.001745329238474369
699758.483,0.005235987715423107,0.001745329238474369,0.0
699768.431,0.003490658476948738,0.0,0.001745329238474369
699778.381,0.003490658476948738,0.001745329238474369,0.0
699788.329,0.0,0.003490658476948738,0.0
699798.277,0.003490658476948738,0.0,0.0
699808.225,0.003490658476948738,0.0,0.001745329238474369
699818.1730000001,0.001745329238474369,0.003490658476948738,0.0
699828.121,0.001745329238474369,0.003490658476948738,0.0
699838.071,0.001745329238474369,0.003490658476948738,0.0
699848.019,0.005235987715423107,0.001745329238474369,0.0
699857.9670000001,0.001745329238474369,0.001745329238474369,0.0
699867.915,0.003490658476948738,0.0,0.0
699877.863,0.005235987715423107,0.0,0.0
699887.813,0.003490658476948738,0.001745329238474369,0.0
699897.761,0.001745329238474369,0.0,0.0
699907.709,0.003490658476948738,0.0,0.0
699917.657,0.001745329238474369,0.001745329238474369,0.0
699927.605,0.005235987715423107,0.0,0.001745329238474369
699937.555,0.003490658476948738,0.001745329238474369,0.0
699947.503,0.0,0.0,0.0
699957.451,0.0,0.001745329238474369,0.001745329238474369
699967.399,0.003490658476948738,0.0,0.001745329238474369
699977.3470000001,0.001745329238474369,0.0,0.0
699987.297,0.001745329238474369,0.001745329238474369,0.0
699997.245,0.001745329238474369,0.003490658476948738,0.0
700007.193,0.005235987715423107,0.001745329238474369,0.0
700017.1410000001,0.003490658476948738,0.0,0.0
700027.089,0.001745329238474369,0.0,0.001745329238474369
700037.037,0.001745329238474369,0.0,0.0
700046.987,0.0,0.003490658476948738,0.0
700056.935,0.001745329238474369,0.0,0.0
700066.883,0.001745329238474369,0.0,0.0
700076.831,0.0,0.005235987715423107,0.001745329238474369
700086.779,0.0,0.003490658476948738,0.0
700096.729,0.001745329238474369,0.001745329238474369,0.0
700106.677,0.003490658476948738,0.003490658476948738,0.0
700116.625,0.003490658476948738,0.0,0.0
700126.573,0.003490658476948738,0.0,0.0
700136.5210000001,0.001745329238474369,0.0,0.0
700146.471,0.003490658476948738,0.0,0.0
700156.419,0.003490658476948738,0.0,0.0
700166.367,0.001745329238474369,0.0,0.001745329238474369
700176.3150000001,0.001745329238474369,0.001745329238474369,0.0
700186.263,0.001745329238474369,0.0,0.0
700196.213,0.001745329238474369,0.0,0.0
700206.161,0.001745329238474369,0.0,0.0
700216.109,0.001745329238474369,0.001745329238474369,0.0
700226.057,0.003490658476948738,0.0,0.0
700236.005,0.001745329238474369,0.0,0.0
700245.955,0.001745329238474369,0.0,0.0
700255.903,0.001745329238474369,0.0,0.001745329238474369
700265.851,0.003490658476948738,0.0,0.0
700275.799,0.003490658476948738,0.001745329238474369,0.0
700285.747,0.003490658476948738,0.003490658476948738,0.0
700295.6950000001,0.0,0.0,0.0
700305.645,0.001745329238474369,0.001745329238474369,0.0
700315.593,0.003490658476948738,0.001745329238474369,0.0
700325.541,0.003490658476948738,0.001745329238474369,0.0
700335.4890000001,0.003490658476948738,0.001745329238474369,0.0
700345.439,0.003490658476948738,0.001745329238474369,0.0
700355.387,0.001745329238474369,0.0,0.0
700365.335,0.001745329238474369,0.0,0.0
700375.283,0.001745329238474369,0.001745329238474369,0.0
700385.231,0.001745329238474369,0.0,0.0
700395.179,0.0,0.001745329238474369,0.0
700405.129,0.003490658476948738,0.001745329238474369,0.0
700415.077,0.003490658476948738,0.001745329238474369,0.0
700425.025,0.003490658476948738,0.0,0.001745329238474369
700434.973,0.003490658476948738,0.0,0.0
700444.921,0.005235987715423107,0.0,0.001745329238474369
700454.871,0.001745329238474369,0.001745329238474369,0.0
700464.819,0.0,0.003490658476948738,0.0
700474.767,0.001745329238474369,0.0,0.0
700484.715,0.003490658476948738,0.0,0.0
700494.6630000001,0.0,0.0,0.0
700504.613,0.001745329238474369,0.003490658476948738,0.0
700514.561,0.0,0.003490658476948738,0.0
700524.509,0.003490658476948738,0.0,0.0
700534.457,0.001745329238474369,0.0,0.0
700544.405,0.001745329238474369,0.003490658476948738,0.0
700554.353,0.003490658476948738,0.0,0.001745329238474369
700564.3030000001,0.001745329238474369,0.001745329238474369,0.0
700574.251,0.0,0.001745329238474369,0.0
700584.199,0.001745329238474369,0.001745329238474369,0.0
700594.147,0.003490658476948738,0.001745329238474369,0.0
700604.095,0.003490658476948738,0.0,0.001745329238474369
700614.045,0.0,0.006981316953897476,0.0
700623.993,0.0,0.005235987715423107,0.0
700633.941,0.0,0.001745329238474369,0.001745329238474369
700643.889,0.003490658476948738,0.0,0.0
700653.837,0.001745329238474369,0.003490658476948738,0.0
700663.787,0.001745329238474369,0.003490658476948738,0.0
700673.735,0.003490658476948738,0.001745329238474369,0.0
700683.683,0.001745329238474369,0.001745329238474369,0.0
700693.631,0.001745329238474369,0.0,0.0
700703.579,0.001745329238474369,0.001745329238474369,0.0
700713.529,0.0,0.001745329238474369,0.0
700723.4770000001,0.003490658476948738,0.003490658476948738,0.0
700733.425,0.001745329238474369,0.0,0.001745329238474369
700743.373,0.003490658476948738,0.0,0.0
700753.321,0.0,0.003490658476948738,0.0
700763.2710000001,0.0,0.003490658476948738,0.0
700773.219,0.001745329238474369,0.001745329238474369,0.0
700783.167,0.001745329238474369,0.005235987715423107,0.0
700793.115,0.001745329238474369,0.0,0.0
700803.063,0.003490658476948738,0.005235987715423107,0.0
700813.011,0.001745329238474369,0.0,0.001745329238474369
700822.961,0.001745329238474369,0.001745329238474369,0.0
700832.909,0.003490658476948738,0.0,0.0
700842.857,0.0,0.0,0.0
700852.805,0.001745329238474369,0.003490658476948738,0.0
700862.755,0.001745329238474369,0.001745329238474369,0.0
700872.703,0.001745329238474369,0.001745329238474369,0.0
700882.6510000001,0.001745329238474369,0.001745329238474369,0.0
700892.599,0.003490658476948738,0.001745329238474369,0.0
700902.547,0.005235987715423107,0.0,0.0
700912.495,0.0,0.0,0.001745329238474369
700922.4450000001,0.001745329238474369,0.0,0.0
700932.393,0.0,0.0,0.0
700942.341,0.003490658476948738,0.0,0.0
700952.289,0.001745329238474369,0.001745329238474369,0.001745329238474369
700962.237,0.001745329238474369,0.003490658476948738,0.0
700972.187,0.001745329238474369,0.0,0.0
700982.135,0.001745329238474369,0.0,0.0
700992.083,0.003490658476948738,0.0,0.001745329238474369
701002.031,0.001745329238474369,0.0,0.001745329238474369
701011.979,0.003490658476948738,0.003490658476948738,0.0
701021.929,0.003490658476948738,0.0,0.0
701031.877,0.001745329238474369,0.001745329238474369,0.0
701041.8250000001,0.001745329238474369,0.0,0.001745329238474369
701051.773,0.003490658476948738,0.001745329238474369,0.0
701061.721,0.001745329238474369,0.001745329238474369,0.0
701071.671,0.001745329238474369,0.001745329238474369,0.0
701081.6190000001,0.001745329238474369,0.0,0.0
701091.567,0.003490658476948738,0.0,0.0
701101.515,0.003490658476948738,0.0,0.0
701111.463,0.001745329238474369,0.0,0.0
701121.411,0.0,0.0,0.0
701131.361,0.001745329238474369,0.0,0.0
701141.309,0.0,0.001745329238474369,0.0
701151.257,0.001745329238474369,0.001745329238474369,0.001745329238474369
701161.205,0.001745329238474369,0.001745329238474369,0.0
701171.155,0.001745329238474369,0.001745329238474369,0.0
701181.103,0.001745329238474369,0.0,0.0
701191.051,0.003490658476948738,0.0,0.0
701200.9990000001,0.001745329238474369,0.0,0.0
701210.947,0.001745329238474369,0.003490658476948738,0.001745329238474369
701220.895,0.003490658476948738,0.001745329238474369,0.0
701230.845,0.001745329238474369,0.001745329238474369,0.0
701240.7930000001,0.003490658476948738,0.001745329238474369,0.0
701250.741,0.0,0.005235987715423107,0.0
701260.689,0.001745329238474369,0.001745329238474369,0.0
701270.637,0.001745329238474369,0.005235987715423107,0.0
701280.587,0.001745329238474369,0.001745329238474369,0.0
701290.535,0.0,0.005235987715423107,0.0
701300.483,0.001745329238474369,0.001745329238474369,0.0
701310.431,0.0,0.001745329238474369,0.001745329238474369
701320.379,0.0,0.003490658476948738,0.0
701330.329,0.001745329238474369,0.005235987715423107,0.0
701340.277,0.003490658476948738,0.003490658476948738,0.0
701350.225,0.003490658476948738,0.003490658476948738,0.0
701360.1730000001,0.001745329238474369,0.003490658476948738,0.0
701370.121,0.001745329238474369,0.003490658476948738,0.0
701380.071,0.0,0.0,0.0
701390.019,0.001745329238474369,0.0,0.0
701399.9670000001,0.003490658476948738,0.003490658476948738,0.0
701409.915,0.005235987715423107,0.001745329238474369,0.0
701419.863,0.003490658476948738,0.0,0.001745329238474369
701429.813,0.003490658476948738,0.0,0.0
701439.761,0.001745329238474369,0.0,0.0
701449.709,0.0,0.0,0.0
701459.657,0.0,0.003490658476948738,0.0
701469.605,0.001745329238474369,0.001745329238474369,0.0
701479.555,0.0,0.001745329238474369,0.0
701489.503,0.001745329238474369,0.003490658476948738,0.0
701499.451,0.005235987715423107,0.003490658476948738,0.0
701509.399,0.001745329238474369,0.001745329238474369,0.0
701519.3470000001,0.001745329238474369,0.003490658476948738,0.0
701529.297,0.0,0.005235987715423107,0.0
701539.245,0.001745329238474369,0.001745329238474369,0.0
701549.193,0.0,0.001745329238474369,0.0
701559.1410000001,0.001745329238474369,0.005235987715423107,0.0
701569.089,0.003490658476948738,0.0,0.001745329238474369
701579.039,0.003490658476948738,0.0,0.0
701588.987,0.001745329238474369,0.0,0.0
701598.935,0.003490658476948738,0.0,0.001745329238474369
701608.883,0.0,0.001745329238474369,0.0
701618.831,0.003490658476948738,0.0,0.0
701628.781,0.001745329238474369,0.001745329238474369,0.0
701638.729,0.005235987715423107,0.001745329238474369,0.0
701648.677,0.003490658476948738,0.0,0.001745329238474369
701658.625,0.0,0.0,0.0
701668.573,0.001745329238474369,0.0,0.0
701678.5210000001,0.001745329238474369,0.0,0.0
701688.471,0.0,0.0,0.0
701698.419,0.003490658476948738,0.0,0.0
701708.367,0.001745329238474369,0.0,0.0
701718.3150000001,0.001745329238474369,0.0,0.001745329238474369
701728.263,0.005235987715423107,0.001745329238474369,0.0
701738.213,0.003490658476948738,0.0,0.0
701748.161,0.001745329238474369,0.0,0.0
701758.109,0.003490658476948738,0.0,0.001745329238474369
701768.057,0.003490658476948738,0.0,0.0
701778.005,0.001745329238474369,0.001745329238474369,0.0
701787.955,0.001745329238474369,0.001745329238474369,0.0
701797.903,0.001745329238474369,0.003490658476948738,0.001745329238474369
701807.851,0.003490658476948738,0.0,0.0
701817.799,0.001745329238474369,0.003490658476948738,0.001745329238474369
701827.747,0.0,0.003490658476948738,0.001745329238474369
701837.697,0.0,0.003490658476948738,0.0
701847.645,0.003490658476948738,0.001745329238474369,0.0
701857.593,0.0,0.0,0.0
701867.541,0.0,0.0,0.0
701877.4890000001,0.0,0.001745329238474369,0.0
701887.439,0.001745329238474369,0.003490658476948738,0.0
701897.387,0.001745329238474369,0.005235987715423107,0.0
701907.335,0.003490658476948738,0.001745329238474369,0.0
701917.283,0.001745329238474369,0.001745329238474369,0.0
701927.231,0.001745329238474369,0.001745329238474369,0.0
701937.181,0.001745329238474369,0.001745329238474369,0.0
701947.129,0.003490658476948738,0.003490658476948738,0.0
701957.077,0.0,0.003490658476948738,0.0
701967.025,0.0,0.003490658476948738,0.0
701976.973,0.003490658476948738,0.001745329238474369,0.0
701986.9230000001,0.0,0.0,0.0
701996.871,0.0,0.001745329238474369,0.0
702006.819,0.003490658476948738,0.003490658476948738,0.0
702016.767,0.0,0.001745329238474369,0.0
702026.715,0.001745329238474369,0.0,0.0
702036.665,0.001745329238474369,0.001745329238474369,0.0
702046.613,0.001745329238474369,0.003490658476948738,0.0
702056.561,0.001745329238474369,0.0,0.0
702066.509,0.003490658476948738,0.0,0.0
702076.457,0.0,0.001745329238474369,0.0
702086.407,0.003490658476948738,0.0,0.0
702096.355,0.003490658476948738,0.001745329238474369,0.0
702106.3030000001,0.003490658476948738,0.001745329238474369,0.0
702116.251,0.005235987715423107,0.0,0.0
702126.199,0.001745329238474369,0.001745329238474369,0.0
702136.149,0.0,0.0,0.0
702146.0970000001,0.001745329238474369,0.003490658476948738,0.0
702156.045,0.0,0.003490658476948738,0.001745329238474369
702165.993,0.003490658476948738,0.003490658476948738,0.0
702175.941,0.0,0.005235987715423107,0.0
702185.8910000001,0.003490658476948738,0.001745329238474369,0.0
702195.839,0.0,0.001745329238474369,0.0
702205.787,0.001745329238474369,0.001745329238474369,0.0
702215.735,0.001745329238474369,0.003490658476948738,0.0
702225.683,0.0,0.001745329238474369,0.0
702235.631,0.003490658476948738,0.001745329238474369,0.0
702245.581,0.003490658476948738,0.001745329238474369,0.0
702255.529,0.001745329238474369,0.003490658476948738,0.0
702265.4770000001,0.001745329238474369,0.001745329238474369,0.0
702275.425,0.001745329238474369,0.001745329238474369,0.0
702285.375,0.001745329238474369,0.001745329238474369,0.0
702295.323,0.003490658476948738,0.001745329238474369,0.0
702305.2710000001,0.001745329238474369,0.0,0.0
702315.219,0.001745329238474369,0.0,0.0
702325.167,0.003490658476948738,0.001745329238474369,0.001745329238474369
702335.117,0.0,0.0,0.0
702345.0650000001,0.003490658476948738,0.001745329238474369,0.0
702355.013,0.001745329238474369,0.003490658476948738,0.0
702364.961,0.0,0.003490658476948738,0.001745329238474369
702374.909,0.001745329238474369,0.003490658476948738,0.0
702384.859,0.003490658476948738,0.0,0.0
702394.807,0.001745329238474369,0.001745329238474369,0.0
702404.755,0.005235987715423107,0.005235987715423107,0.0
702414.703,0.001745329238474369,0.001745329238474369,0.0
702424.6510000001,0.005235987715423107,0.0,0.0
702434.601,0.003490658476948738,0.001745329238474369,0.001745329238474369
702444.549,0.003490658476948738,0.0,0.0
702454.497,0.0,0.003490658476948738,0.0
702464.4450000001,0.001745329238474369,0.001745329238474369,0.0
702474.393,0.0,0.001745329238474369,0.0
702484.343,0.001745329238474369,0.0,0.0
702494.291,0.001745329238474369,0.0,0.0
702504.2390000001,0.001745329238474369,0.003490658476948738,0.0
702514.187,0.0,0.001745329238474369,0.0
702524.135,0.005235987715423107,0.0,0.0
702534.085,0.001745329238474369,0.003490658476948738,0.001745329238474369
702544.033,0.001745329238474369,0.003490658476948738,0.0
702553.981,0.001745329238474369,0.005235987715423107,0.0
702563.929,0.001745329238474369,0.003490658476948738,0.0
702573.877,0.0,0.003490658476948738,0.0
702583.827,0.001745329238474369,0.003490658476948738,0.0
702593.775,0.003490658476948738,0.0,0.0
702603.723,0.005235987715423107,0.001745329238474369,0.0
702613.671,0.003490658476948738,0.0,0.0
702623.6190000001,0.001745329238474369,0.003490658476948738,0.0
702633.569,0.0,0.003490658476948738,0.0
702643.517,0.003490658476948738,0.003490658476948738,0.0
702653.465,0.003490658476948738,0.001745329238474369,0.0
702663.4130000001,0.003490658476948738,0.003490658476948738,0.0
702673.361,0.0,0.003490658476948738,0.0
702683.311,0.0,0.0,0.001745329238474369
702693.259,0.001745329238474369,0.001745329238474369,0.0
702703.207,0.001745329238474369,0.0,0.001745329238474369
702713.155,0.003490658476948738,0.001745329238474369,0.001745329238474369
702723.103,0.001745329238474369,0.001745329238474369,0.0
702733.0530000001,0.003490658476948738,0.0,0.0
702743.001,0.003490658476948738,0.0,0.0
702752.949,0.001745329238474369,0.001745329238474369,0.0
702762.897,0.001745329238474369,0.003490658476948738,0.0
702772.845,0.003490658476948738,0.003490658476948738,0.001745329238474369
702782.795,0.001745329238474369,0.0,0.0
702792.743,0.003490658476948738,0.0,0.0
702802.691,0.001745329238474369,0.001745329238474369,0.0
702812.639,0.005235987715423107,0.0,0.0
702822.587,0.0,0.005235987715423107,0.0
702832.537,0.0,0.005235987715423107,0.0
702842.485,0.003490658476948738,0.001745329238474369,0.0
702852.433,0.001745329238474369,0.001745329238474369,0.0
702862.381,0.001745329238474369,0.003490658476948738,0.0
702872.329,0.001745329238474369,0.0,0.0
702882.279,0.003490658476948738,0.0,0.0
702892.2270000001,0.0,0.003490658476948738,0.0
702902.175,0.001745329238474369,0.0,0.0
702912.123,0.001745329238474369,0.0,0.0
702922.071,0.001745329238474369,0.005235987715423107,0.0
702932.0210000001,0.001745329238474369,0.001745329238474369,0.0
702941.969,0.001745329238474369,0.0,0.0
702951.917,0.003490658476948738,0.001745329238474369,0.0
702961.865,0.001745329238474369,0.0,0.0
702971.813,0.003490658476948738,0.003490658476948738,0.0
702981.763,0.001745329238474369,0.001745329238474369,0.0
702991.711,0.0,0.003490658476948738,0.001745329238474369
703001.659,0.001745329238474369,0.001745329238474369,0.0
703011.607,0.0,0.0,0.0
703021.555,0.0,0.0,0.001745329238474369
703031.505,0.001745329238474369,0.001745329238474369,0.0
703041.453,0.003490658476948738,0.0,0.0
703051.4010000001,0.0,0.003490658476948738,0.0
703061.349,0.003490658476948738,0.001745329238474369,0.0
703071.297,0.001745329238474369,0.005235987715423107,0.0
703081.247,0.001745329238474369,0.001745329238474369,0.0
703091.1950000001,0.001745329238474369,0.001745329238474369,0.0
703101.143,0.001745329238474369,0.0,0.0
703111.091,0.001745329238474369,0.001745329238474369,0.001745329238474369
703121.039,0.003490658476948738,0.003490658476948738,0.0
703130.9890000001,0.001745329238474369,0.003490658476948738,0.0
703140.937,0.003490658476948738,0.003490658476948738,0.0
703150.885,0.001745329238474369,0.001745329238474369,0.0
703160.833,0.003490658476948738,0.001745329238474369,0.0
703170.781,0.003490658476948738,0.0,0.0
703180.731,0.001745329238474369,0.0,0.0
703190.679,0.001745329238474369,0.001745329238474369,0.0
703200.627,0.001745329238474369,0.0,0.0
703210.5750000001,0.001745329238474369,0.0,0.001745329238474369
703220.523,0.003490658476948738,0.0,0.0
703230.473,0.0,0.001745329238474369,0.0
703240.421,0.003490658476948738,0.0,0.0
703250.3690000001,0.0,0.001745329238474369,0.0
703260.317,0.0,0.005235987715423107,0.0
703270.265,0.001745329238474369,0.001745329238474369,0.0
703280.215,0.0,0.001745329238474369,0.0
703290.1630000001,0.0,0.001745329238474369,0.0
703300.111,0.0,0.0,0.0
703310.059,0.003490658476948738,0.005235987715423107,0.0
703320.007,0.005235987715423107,0.0,0.0
703329.957,0.0,0.0,0.0
703339.905,0.001745329238474369,0.001745329238474369,0.0
703349.853,0.0,0.003490658476948738,0.0
703359.801,0.0,0.001745329238474369,0.0
703369.7490000001,0.0,0.0,0.0
703379.699,0.001745329238474369,0.0,0.0
703389.647,0.003490658476948738,0.0,0.0
703399.595,0.001745329238474369,0.003490658476948738,0.0
703409.5430000001,0.003490658476948738,0.0,0.0
703419.491,0.001745329238474369,0.0,0.001745329238474369
703429.441,0.0,0.001745329238474369,0.0
703439.389,0.001745329238474369,0.003490658476948738,0.0
703449.337,0.001745329238474369,0.005235987715423107,0.0
703459.285,0.003490658476948738,0.0,0.001745329238474369
703469.235,0.001745329238474369,0.0,0.001745329238474369
703479.183,0.003490658476948738,0.0,0.0
703489.131,0.005235987715423107,0.0,0.001745329238474369
703499.079,0.001745329238474369,0.003490658476948738,0.0
703509.027,0.001745329238474369,0.005235987715423107,0.0
703518.9770000001,0.001745329238474369,0.003490658476948738,0.0
703528.925,0.0,0.003490658476948738,0.0
703538.873,0.0,0.005235987715423107,0.0
703548.821,0.001745329238474369,0.0,0.001745329238474369
703558.769,0.001745329238474369,0.001745329238474369,0.0
703568.719,0.001745329238474369,0.001745329238474369,0.001745329238474369
703578.667,0.003490658476948738,0.0,0.0
703588.615,0.001745329238474369,0.0,0.0
703598.563,0.001745329238474369,0.005235987715423107,0.0
703608.511,0.001745329238474369,0.003490658476948738,0.0
703618.461,0.001745329238474369,0.001745329238474369,0.0
703628.409,0.001745329238474369,0.003490658476948738,0.0
703638.357,0.003490658476948738,0.0,0.0
703648.305,0.0,0.0,0.0
703658.253,0.001745329238474369,0.0,0.001745329238474369
703668.203,0.0,0.003490658476948738,0.0
703678.1510000001,0.0,0.0,0.0
703688.099,0.003490658476948738,0.001745329238474369,0.0
703698.047,0.001745329238474369,0.001745329238474369,0.0
703707.995,0.003490658476948738,0.001745329238474369,0.0
703717.9450000001,0.001745329238474369,0.001745329238474369,0.0
703727.893,0.003490658476948738,0.001745329238474369,0.0
703737.841,0.001745329238474369,0.001745329238474369,0.0
703747.789,0.003490658476948738,0.003490658476948738,0.0
703757.737,0.0,0.001745329238474369,0.0
703767.687,0.003490658476948738,0.001745329238474369,0.0
703777.635,0.0,0.0,0.001745329238474369
703787.583,0.0,0.003490658476948738,0.0
703797.531,0.001745329238474369,0.005235987715423107,0.0
703807.479,0.0,0.001745329238474369,0.0
703817.429,0.001745329238474369,0.001745329238474369,0.0
703827.377,0.003490658476948738,0.0,0.001745329238474369
703837.3250000001,0.001745329238474369,0.003490658476948738,0.0
703847.273,0.001745329238474369,0.0,0.001745329238474369
703857.221,0.003490658476948738,0.0,0.0
703867.171,0.001745329238474369,0.0,0.0
703877.1190000001,0.001745329238474369,0.001745329238474369,0.0
703887.067,0.003490658476948738,0.0,0.001745329238474369
703897.015,0.001745329238474369,0.0,0.001745329238474369
703906.963,0.001745329238474369,0.0,0.0
703916.9130000001,0.003490658476948738,0.001745329238474369,0.0
703926.861,0.001745329238474369,0.003490658476948738,0.0
703936.809,0.001745329238474369,0.003490658476948738,0.0
703946.757,0.0,0.003490658476948738,0.0
703956.707,0.0,0.001745329238474369,0.0
703966.655,0.003490658476948738,0.0,0.0
703976.603,0.001745329238474369,0.001745329238474369,0.001745329238474369
703986.551,0.003490658476948738,0.0,0.0
703996.4990000001,0.001745329238474369,0.0,0.001745329238474369
704006.447,0.001745329238474369,0.0,0.0
704016.397,0.001745329238474369,0.001745329238474369,0.0
704026.345,0.003490658476948738,0.0,0.0
704036.2930000001,0.001745329238474369,0.0,0.0
704046.241,0.001745329238474369,0.0,0.0
704056.189,0.001745329238474369,0.0,0.0
704066.139,0.001745329238474369,0.0,0.0
704076.087,0.001745329238474369,0.003490658476948738,0.0
704086.035,0.001745329238474369,0.003490658476948738,0.0
704095.983,0.0,0.005235987715423107,0.0
704105.933,0.001745329238474369,0.005235987715423107,0.0
704115.881,0.001745329238474369,0.003490658476948738,0.0
704125.829,0.001745329238474369,0.003490658476948738,0.001745329238474369
704135.777,0.003490658476948738,0.001745329238474369,0.001745329238474369
704145.725,0.001745329238474369,0.0,0.0
704155.675,0.005235987715423107,0.0,0.001745329238474369
704165.623,0.005235987715423107,0.0,0.0
704175.571,0.003490658476948738,0.003490658476948738,0.0
704185.519,0.0,0.001745329238474369,0.001745329238474369
704195.4670000001,0.003490658476948738,0.001745329238474369,0.0
704205.417,0.001745329238474369,0.003490658476948738,0.001745329238474369
704215.365,0.001745329238474369,0.003490658476948738,0.0
704225.313,0.001745329238474369,0.0,0.001745329238474369
704235.261,0.001745329238474369,0.0,0.0
704245.209,0.001745329238474369,0.0,0.001745329238474369
704255.159,0.003490658476948738,0.001745329238474369,0.0
704265.107,0.0,0.0,0.0
704275.055,0.003490658476948738,0.005235987715423107,0.0
704285.003,0.001745329238474369,0.0,0.0
704294.951,0.003490658476948738,0.0,0.0
704304.9010000001,0.001745329238474369,0.001745329238474369,0.0
704314.849,0.003490658476948738,0.001745329238474369,0.0
704324.797,0.001745329238474369,0.0,0.0
704334.745,0.001745329238474369,0.001745329238474369,0.0
704344.693,0.0,0.003490658476948738,0.0
704354.643,0.0,0.001745329238474369,0.0
704364.591,0.005235987715423107,0.0,0.0
704374.539,0.001745329238474369,0.001745329238474369,0.0
704384.487,0.003490658476948738,0.0,0.0
704394.437,0.001745329238474369,0.0,0.003490658476948738
704404.385,0.001745329238474369,0.001745329238474369,0.0
704414.333,0.001745329238474369,0.003490658476948738,0.0
704424.281,0.001745329238474369,0.003490658476948738,0.0
704434.229,0.001745329238474369,0.001745329238474369,0.0
704444.179,0.001745329238474369,0.0,0.0
704454.127,0.001745329238474369,0.001745329238474369,0.0
704464.0750000001,0.0,0.001745329238474369,0.0
704474.023,0.0,0.005235987715423107,0.0
704483.971,0.003490658476948738,0.0,0.0
704493.921,0.001745329238474369,0.0,0.0
704503.8690000001,0.001745329238474369,0.0,0.0
704513.817,0.001745329238474369,0.003490658476948738,0.0
704523.765,0.003490658476948738,0.0,0.0
704533.713,0.003490658476948738,0.001745329238474369,0.0
704543.6630000001,0.003490658476948738,0.001745329238474369,0.0
704553.611,0.001745329238474369,0.005235987715423107,0.0
704563.559,0.001745329238474369,0.001745329238474369,0.0
704573.507,0.001745329238474369,0.0,0.001745329238474369
704583.455,0.001745329238474369,0.0,0.0
704593.405,0.001745329238474369,0.0,0.0
704603.353,0.001745329238474369,0.0,0.0
704613.301,0.001745329238474369,0.003490658476948738,0.0
704623.2490000001,0.0,0.0,0.0
704633.197,0.001745329238474369,0.001745329238474369,0.0
704643.147,0.005235987715423107,0.0,0.001745329238474369
704653.095,0.003490658476948738,0.0,0.0
704663.0430000001,0.005235987715423107,0.0,0.0
704672.991,0.001745329238474369,0.001745329238474369,0.0
704682.941,0.001745329238474369,0.001745329238474369,0.0
704692.889,0.003490658476948738,0.0,0.0
704702.837,0.003490658476948738,0.0,0.001745329238474369
704712.785,0.003490658476948738,0.001745329238474369,0.0
704722.733,0.003490658476948738,0.0,0.001745329238474369
704732.683,0.001745329238474369,0.001745329238474369,0.0
704742.631,0.001745329238474369,0.001745329238474369,0.0
704752.579,0.0,0.001745329238474369,0.0
704762.527,0.001745329238474369,0.0,0.0
704772.475,0.0,0.001745329238474369,0.001745329238474369
704782.425,0.001745329238474369,0.001745329238474369,0.0
704792.373,0.0,0.005235987715423107,0.0
704802.321,0.001745329238474369,0.001745329238474369,0.0
704812.269,0.003490658476948738,0.003490658476948738,0.0
704822.2170000001,0.001745329238474369,0.001745329238474369,0.001745329238474369
704832.167,0.001745329238474369,0.0,0.0
704842.115,0.003490658476948738,0.0,0.0
704852.063,0.001745329238474369,0.0,0.0
704862.011,0.001745329238474369,0.0,0.0
704871.959,0.003490658476948738,0.001745329238474369,0.0
704881.909,0.003490658476948738,0.003490658476948738,0.0
704891.857,0.001745329238474369,0.005235987715423107,0.0
704901.805,0.001745329238474369,0.003490658476948738,0.001745329238474369
704911.753,0.001745329238474369,0.003490658476948738,0.001745329238474369
704921.701,0.001745329238474369,0.003490658476948738,0.0
704931.6510000001,0.003490658476948738,0.001745329238474369,0.0
704941.599,0.001745329238474369,0.003490658476948738,0.0
704951.547,0.0,0.0,0.0
704961.495,0.003490658476948738,0.001745329238474369,0.0
704971.443,0.003490658476948738,0.0,0.001745329238474369
704981.393,0.001745329238474369,0.001745329238474369,0.001745329238474369
704991.341,0.001745329238474369,0.003490658476948738,0.0
705001.289,0.001745329238474369,0.001745329238474369,0.0
705011.237,0.001745329238474369,0.001745329238474369,0.001745329238474369
705021.187,0.003490658476948738,0.001745329238474369,0.0
705031.135,0.0,0.001745329238474369,0.0
705041.083,0.001745329238474369,0.0,0.0
705051.031,0.001745329238474369,0.0,0.0
705060.979,0.0,0.001745329238474369,0.0
705070.929,0.001745329238474369,0.0,0.0
705080.877,0.0,0.003490658476948738,0.0
705090.8250000001,0.001745329238474369,0.001745329238474369,0.0
705100.773,0.003490658476948738,0.0,0.0
705110.723,0.0,0.003490658476948738,0.0
705120.671,0.0,0.005235987715423107,0.0
705130.6190000001,0.001745329238474369,0.003490658476948738,0.0
705140.567,0.001745329238474369,0.0,0.0
705150.515,0.001745329238474369,0.003490658476948738,0.0
705160.463,0.001745329238474369,0.0,0.0
705170.4130000001,0.003490658476948738,0.0,0.0
705180.361,0.0,0.001745329238474369,0.001745329238474369
705190.309,0.0,0.001745329238474369,0.0
705200.257,0.003490658476948738,0.0,0.001745329238474369
705210.205,0.001745329238474369,0.0,0.001745329238474369
705220.155,0.0,0.003490658476948738,0.0
705230.103,0.0,0.003490658476948738,0.0
705240.051,0.003490658476948738,0.0,0.0
705249.9990000001,0.001745329238474369,0.0,0.0
705259.947,0.003490658476948738,0.001745329238474369,0.0
705269.897,0.003490658476948738,0.0,0.0
705279.845,0.005235987715423107,0.0,0.001745329238474369
705289.7930000001,0.001745329238474369,0.0,0.0
705299.741,0.001745329238474369,0.001745329238474369,0.0
705309.691,0.001745329238474369,0.001745329238474369,0.001745329238474369
705319.639,0.003490658476948738,0.001745329238474369,0.0
705329.587,0.003490658476948738,0.0,0.001745329238474369
705339.535,0.003490658476948738,0.0,0.001745329238474369
705349.483,0.003490658476948738,0.001745329238474369,0.0
705359.433,0.003490658476948738,0.003490658476948738,0.0
705369.381,0.001745329238474369,0.0,0.0
705379.329,0.003490658476948738,0.0,0.001745329238474369
705389.277,0.003490658476948738,0.001745329238474369,0.0
705399.2270000001,0.003490658476948738,0.001745329238474369,0.0
705409.175,0.001745329238474369,0.001745329238474369,0.0
705419.123,0.001745329238474369,0.0,0.0
705429.071,0.001745329238474369,0.0,0.0
705439.019,0.003490658476948738,0.001745329238474369,0.0
705448.969,0.0,0.0,0.0
705458.917,0.003490658476948738,0.001745329238474369,0.0
705468.865,0.001745329238474369,0.003490658476948738,0.0
705478.813,0.001745329238474369,0.001745329238474369,0.0
705488.761,0.0,0.005235987715423107,0.0
705498.711,0.001745329238474369,0.003490658476948738,0.0
705508.659,0.001745329238474369,0.0,0.0
705518.607,0.001745329238474369,0.0,0.0
705528.555,0.003490658476948738,0.001745329238474369,0.001745329238474369
705538.503,0.001745329238474369,0.0,0.0
705548.453,0.003490658476948738,0.0,0.0
705558.4010000001,0.003490658476948738,0.001745329238474369,0.0
705568.349,0.005235987715423107,0.001745329238474369,0.0
705578.297,0.001745329238474369,0.003490658476948738,0.0
705588.247,0.005235987715423107,0.0,0.0
705598.1950000001,0.003490658476948738,0.001745329238474369,0.0
705608.143,0.003490658476948738,0.001745329238474369,0.0
705618.091,0.001745329238474369,0.001745329238474369,0.001745329238474369
705628.039,0.003490658476948738,0.0,0.001745329238474369
705637.987,0.003490658476948738,0.0,0.0
705647.937,0.003490658476948738,0.0,0.0
705657.885,0.001745329238474369,0.003490658476948738,0.0
705667.833,0.003490658476948738,0.0,0.0
705677.781,0.001745329238474369,0.0,0.0
705687.731,0.001745329238474369,0.001745329238474369,0.0
705697.679,0.003490658476948738,0.001745329238474369,0.0
705707.627,0.003490658476948738,0.0,0.001745329238474369
705717.5750000001,0.001745329238474369,0.001745329238474369,0.0
705727.523,0.001745329238474369,0.0,0.001745329238474369
705737.473,0.001745329238474369,0.0,0.0
705747.421,0.001745329238474369,0.0,0.001745329238474369
705757.3690000001,0.001745329238474369,0.0,0.0
705767.317,0.001745329238474369,0.005235987715423107,0.0
705777.265,0.001745329238474369,0.001745329238474369,0.0
705787.215,0.001745329238474369,0.0,0.0
705797.1630000001,0.0,0.001745329238474369,0.0
705807.111,0.0,0.003490658476948738,0.0
705817.059,0.001745329238474369,0.0,0.0
705827.007,0.001745329238474369,0.001745329238474369,0.0
705836.957,0.003490658476948738,0.0,0.001745329238474369
705846.905,0.005235987715423107,0.0,0.0
705856.853,0.0,0.001745329238474369,0.001745329238474369
705866.801,0.001745329238474369,0.003490658476948738,0.0
705876.751,0.003490658476948738,0.0,0.0
705886.699,0.003490658476948738,0.001745329238474369,0.0
705896.647,0.003490658476948738,0.001745329238474369,0.0
705906.595,0.001745329238474369,0.0,0.0
705916.5430000001,0.001745329238474369,0.003490658476948738,0.0
705926.493,0.003490658476948738,0.001745329238474369,0.001745329238474369
705936.441,0.003490658476948738,0.003490658476948738,0.0
705946.389,0.001745329238474369,0.001745329238474369,0.0
705956.337,0.003490658476948738,0.0,0.0
705966.287,0.005235987715423107,0.0,0.0
705976.235,0.003490658476948738,0.001745329238474369,0.001745329238474369
705986.183,0.003490658476948738,0.001745329238474369,0.0
705996.131,0.001745329238474369,0.0,0.0
706006.079,0.001745329238474369,0.0,0.0
706016.029,0.003490658476948738,0.001745329238474369,0.001745329238474369
706025.9770000001,0.001745329238474369,0.001745329238474369,0.0
706035.925,0.001745329238474369,0.0,0.0
706045.873,0.001745329238474369,0.001745329238474369,0.001745329238474369
706055.821,0.003490658476948738,0.0,0.001745329238474369
706065.7710000001,0.001745329238474369,0.0,0.0
706075.719,0.001745329238474369,0.001745329238474369,0.0
706085.667,0.001745329238474369,0.003490658476948738,0.0
706095.615,0.001745329238474369,0.001745329238474369,0.001745329238474369
706105.5650000001,0.001745329238474369,0.0,0.0
706115.513,0.003490658476948738,0.0,0.0
706125.461,0.0,0.003490658476948738,0.0
706135.409,0.001745329238474369,0.001745329238474369,0.0
706145.357,0.001745329238474369,-0.001745329238474369,-0.0
706155.307,0.003490658476948738,0.001745329238474369,0.0
706165.255,0.001745329238474369,0.003490658476948738,0.0
706175.203,0.003490658476948738,0.001745329238474369,0.0
706185.1510000001,0.0,0.001745329238474369,0.0
706195.099,0.003490658476948738,0.001745329238474369,0.0
706205.049,0.001745329238474369,0.0,0.0
706214.997,0.003490658476948738,0.005235987715423107,0.0
706224.9450000001,0.001745329238474369,0.003490658476948738,0.0
706234.893,0.001745329238474369,0.001745329238474369,0.0
706244.841,0.003490658476948738,0.0,0.0
706254.791,0.001745329238474369,0.001745329238474369,0.0
706264.7390000001,0.003490658476948738,0.0,0.0
706274.687,0.001745329238474369,0.003490658476948738,0.0
706284.635,0.003490658476948738,0.001745329238474369,0.0
706294.583,0.0,0.001745329238474369,0.0
706304.533,0.003490658476948738,0.0,0.0
706314.481,0.001745329238474369,0.0,0.0
706324.429,0.0,0.001745329238474369,0.0
706334.377,0.001745329238474369,0.003490658476948738,0.001745329238474369
706344.327,0.003490658476948738,0.001745329238474369,0.0
706354.275,0.001745329238474369,0.001745329238474369,0.0
